0 0.725781 0.522656 0.0078125 0.0171875
0 0.575781 0.514844 0.0078125 0.0140625
0 0.542188 0.410156 0.009375 0.0109375
0 0.564062 0.371875 0.009375 0.01875
0 0.601562 0.423438 0.00625 0.015625
0 0.510156 0.458594 0.0109375 0.0140625
0 0.391406 0.610937 0.0078125 0.009375
0 0.566406 0.436719 0.0046875 0.0171875
0 0.463281 0.367969 0.0109375 0.0078125
0 0.588281 0.439844 0.0078125 0.0078125
0 0.530469 0.475 0.0046875 0.015625
0 0.583594 0.388281 0.0046875 0.0109375
0 0.571875 0.50625 0.009375 0.0125
0 0.734375 0.603125 0.009375 0.0125
0 0.473437 0.319531 0.009375 0.0109375
0 0.74375 0.585938 0.00625 0.01875
0 0.696875 0.542969 0.009375 0.0109375
0 0.692187 0.594531 0.00625 0.0078125
0 0.50625 0.461719 0.0125 0.0140625
0 0.485938 0.379687 0.009375 0.0125
0 0.492188 0.307813 0.00625 0.009375
0 0.583594 0.515625 0.0140625 0.009375
0 0.525 0.351562 0.009375 0.0125
0 0.727344 0.523438 0.0046875 0.0125
0 0.784375 0.628906 0.00625 0.0140625
0 0.778906 0.610156 0.0046875 0.0140625
0 0.564844 0.433594 0.0046875 0.0140625
0 0.502344 0.429688 0.0046875 0.0125
0 0.410156 0.419531 0.0046875 0.0109375
0 0.515625 0.378906 0.00625 0.0078125
0 0.521875 0.323438 0.00625 0.009375
0 0.465625 0.336719 0.00625 0.0140625
0 0.538281 0.358594 0.0078125 0.0109375
0 0.399219 0.453906 0.0046875 0.0078125
0 0.654688 0.580469 0.00625 0.0109375
0 0.583594 0.51875 0.0078125 0.0125
0 0.514063 0.299219 0.00625 0.0140625
0 0.766406 0.554688 0.0078125 0.009375
0 0.519531 0.369531 0.0078125 0.0109375
0 0.599219 0.477344 0.0078125 0.0109375
0 0.6 0.416406 0.009375 0.0109375
0 0.378125 0.544531 0.00625 0.0109375
0 0.39375 0.530469 0.00625 0.0109375
0 0.360938 0.567969 0.00625 0.0109375
0 0.565625 0.369531 0.00625 0.0109375
0 0.565625 0.460156 0.00625 0.0078125
0 0.657812 0.535937 0.00625 0.0125
0 0.625781 0.485938 0.0046875 0.0125
0 0.64375 0.495313 0.00625 0.009375
0 0.708594 0.527344 0.0046875 0.0078125
0 0.777344 0.585156 0.0078125 0.0109375
0 0.467187 0.339844 0.003125 0.0078125
0 0.461719 0.370313 0.0046875 0.009375
0 0.485156 0.380469 0.0046875 0.0140625
0 0.696094 0.546875 0.0046875 0.015625
0 0.598437 0.455469 0.00625 0.0078125
0 0.525781 0.350781 0.0046875 0.0078125
0 0.623438 0.485938 0.003125 0.00625
0 0.742969 0.549219 0.0046875 0.0109375
0 0.725781 0.521094 0.0078125 0.0078125
0 0.474219 0.31875 0.0046875 0.0125
0 0.513281 0.299219 0.0046875 0.0046875
0 0.521875 0.319531 0.00625 0.0046875
0 0.524219 0.353125 0.0046875 0.009375
