0 0.425 0.5953125 0.00703125 0.01171875
0 0.4359375 0.5828125 0.00703125 0.01171875
0 0.39765625 0.5296875 0.009375 0.0109375
0 0.38359375 0.51796875 0.00625 0.009375
0 0.37421875 0.5046875 0.009375 0.0109375
0 0.365625 0.55078125 0.00859375 0.0109375
0 0.3421875 0.540625 0.00859375 0.0125
0 0.328125 0.5421875 0.00625 0.01015625
0 0.33046875 0.48359375 0.00703125 0.0109375
0 0.35546875 0.484375 0.0078125 0.0078125
0 0.35546875 0.46484375 0.00703125 0.009375
0 0.36953125 0.4875 0.0078125 0.0109375
0 0.37734375 0.45390625 0.0078125 0.0109375
0 0.39296875 0.43828125 0.0078125 0.01015625
0 0.4 0.42578125 0.00703125 0.009375
0 0.4109375 0.396875 0.0046875 0.00859375
0 0.4171875 0.39921875 0.0078125 0.01171875
0 0.5171875 0.4609375 0.00859375 0.01484375
0 0.50703125 0.4234375 0.0078125 0.01015625
0 0.50625 0.38984375 0.0078125 0.0125
0 0.521875 0.38125 0.0078125 0.01171875
0 0.546875 0.39921875 0.00859375 0.0125
0 0.5609375 0.43671875 0.00703125 0.01015625
0 0.55390625 0.47890625 0.00625 0.0125
0 0.540625 0.484375 0.00703125 0.01015625
0 0.559375 0.3921875 0.00703125 0.01015625
0 0.5609375 0.415625 0.00859375 0.0078125
0 0.54453125 0.4265625 0.00703125 0.00546875
0 0.55625 0.4234375 0.00625 0.00859375
0 0.5671875 0.4328125 0.00625 0.00703125
0 0.47734375 0.353125 0.00625 0.0109375
0 0.48828125 0.35625 0.0046875 0.01015625
0 0.50859375 0.35859375 0.0046875 0.01015625
0 0.5171875 0.3609375 0.00703125 0.0109375
0 0.528125 0.36875 0.0078125 0.0078125
0 0.5390625 0.38125 0.0046875 0.00703125
0 0.45390625 0.3421875 0.00625 0.0109375
0 0.45625 0.3203125 0.00703125 0.01015625
0 0.47421875 0.30078125 0.0078125 0.01171875
0 0.49609375 0.2875 0.00859375 0.0109375
0 0.525 0.2890625 0.00859375 0.01015625
0 0.528125 0.29375 0.00625 0.01171875
0 0.53125 0.321875 0.00625 0.0109375
0 0.54921875 0.3125 0.00703125 0.0109375
0 0.57578125 0.346875 0.009375 0.01484375
0 0.5984375 0.3671875 0.0078125 0.01484375
0 0.56796875 0.37421875 0.009375 0.01015625
0 0.56640625 0.40234375 0.0078125 0.009375
0 0.57890625 0.44375 0.00703125 0.0125
0 0.58359375 0.37734375 0.0078125 0.01015625
0 0.596875 0.38359375 0.00703125 0.01171875
0 0.60859375 0.4140625 0.00703125 0.01171875
0 0.628125 0.4359375 0.0078125 0.01328125
0 0.63671875 0.47890625 0.00703125 0.0125
0 0.61328125 0.49140625 0.0078125 0.01015625
0 0.59609375 0.4796875 0.0078125 0.0109375
0 0.6078125 0.50625 0.0078125 0.0109375
0 0.6171875 0.49921875 0.00859375 0.01171875
0 0.5890625 0.53203125 0.00625 0.01015625
0 0.61171875 0.5109375 0.00625 0.009375
0 0.634375 0.49140625 0.00625 0.009375
0 0.66328125 0.50546875 0.00703125 0.01328125
0 0.678125 0.54609375 0.00703125 0.01015625
0 0.66875 0.59921875 0.0078125 0.0109375
0 0.63515625 0.59296875 0.00859375 0.00859375
0 0.61796875 0.58515625 0.00859375 0.009375
0 0.70234375 0.56953125 0.00703125 0.01171875
0 0.6890625 0.528125 0.00625 0.0125
0 0.703125 0.515625 0.00703125 0.00859375
0 0.7109375 0.496875 0.00859375 0.01171875
0 0.7296875 0.50234375 0.0078125 0.01015625
0 0.73125 0.48984375 0.009375 0.0125
0 0.753125 0.51484375 0.0078125 0.0140625
0 0.74453125 0.51484375 0.0046875 0.00703125
0 0.76171875 0.54609375 0.00703125 0.00859375
0 0.76640625 0.55703125 0.00703125 0.01015625
0 0.75546875 0.5734375 0.00625 0.009375
0 0.7609375 0.590625 0.00859375 0.0140625
0 0.734375 0.58984375 0.00859375 0.0140625
0 0.778125 0.53828125 0.0078125 0.0109375
0 0.77578125 0.55 0.00703125 0.009375
0 0.7796875 0.565625 0.00703125 0.0078125
0 0.7859375 0.56875 0.00859375 0.01015625
0 0.7921875 0.59609375 0.0078125 0.0125
0 0.8015625 0.6265625 0.00859375 0.0140625
0 0.79765625 0.61953125 0.00703125 0.00859375