0 0.42109375 0.5375 0.00625 0.01015625
0 0.4328125 0.5640625 0.00703125 0.01015625
0 0.42421875 0.57578125 0.00703125 0.0109375
0 0.39609375 0.5265625 0.00703125 0.01015625
0 0.3921875 0.5375 0.00625 0.00859375
0 0.38203125 0.51953125 0.0078125 0.01171875
0 0.3671875 0.50234375 0.01015625 0.01328125
0 0.36796875 0.5515625 0.00703125 0.01015625
0 0.3421875 0.546875 0.00859375 0.009375
0 0.32890625 0.5375 0.00546875 0.01171875
0 0.33125 0.49609375 0.00703125 0.0125
0 0.35390625 0.48828125 0.00625 0.009375
0 0.35703125 0.4734375 0.00625 0.0125
0 0.37265625 0.47578125 0.00703125 0.009375
0 0.3734375 0.459375 0.00703125 0.009375
0 0.38828125 0.45625 0.00703125 0.0078125
0 0.40703125 0.44609375 0.0078125 0.0109375
0 0.40546875 0.41328125 0.00546875 0.009375
0 0.428125 0.4015625 0.0078125 0.01015625
0 0.5171875 0.46015625 0.00703125 0.0125
0 0.5046875 0.42421875 0.00625 0.0109375
0 0.50625 0.3921875 0.00703125 0.0125
0 0.5203125 0.3828125 0.0078125 0.01328125
0 0.54453125 0.4015625 0.00859375 0.0125
0 0.55859375 0.43984375 0.0078125 0.01328125
0 0.55234375 0.48203125 0.00703125 0.01171875
0 0.53984375 0.4859375 0.00625 0.0109375
0 0.4734375 0.38359375 0.00625 0.01015625
0 0.47421875 0.3546875 0.00703125 0.01171875
0 0.490625 0.37109375 0.00546875 0.01015625
0 0.50859375 0.35703125 0.00546875 0.0078125
0 0.52109375 0.35859375 0.00703125 0.0140625
0 0.53125 0.3671875 0.00546875 0.0109375
0 0.5375 0.378125 0.00390625 0.00703125
0 0.453125 0.34375 0.0078125 0.0125
0 0.45390625 0.32265625 0.00625 0.01328125
0 0.4734375 0.30546875 0.00859375 0.009375
0 0.496875 0.290625 0.00859375 0.0109375
0 0.5234375 0.2859375 0.00625 0.0078125
0 0.5234375 0.315625 0.00625 0.01015625
0 0.52421875 0.2984375 0.00703125 0.0109375
0 0.53671875 0.3 0.0078125 0.01328125
0 0.553125 0.3171875 0.0078125 0.01171875
0 0.578125 0.340625 0.00546875 0.0078125
0 0.59453125 0.37265625 0.00625 0.009375
0 0.60078125 0.36484375 0.00546875 0.00625
0 0.5921875 0.3453125 0.00703125 0.01171875
0 0.5625 0.371875 0.00703125 0.00859375
0 0.56328125 0.39453125 0.00703125 0.00859375
0 0.559375 0.40546875 0.00859375 0.0109375
0 0.5546875 0.4171875 0.00546875 0.00859375
0 0.54296875 0.43125 0.00625 0.00859375
0 0.5640625 0.4296875 0.00546875 0.009375
0 0.58359375 0.378125 0.00703125 0.0109375
0 0.61015625 0.3859375 0.00703125 0.01171875
0 0.609375 0.40234375 0.00703125 0.0109375
0 0.63359375 0.44140625 0.00703125 0.0125
0 0.6203125 0.45390625 0.009375 0.0125
0 0.61328125 0.465625 0.00703125 0.009375
0 0.61171875 0.48671875 0.00625 0.0078125
0 0.59609375 0.48671875 0.00625 0.00859375
0 0.57265625 0.4453125 0.00546875 0.00859375
0 0.60859375 0.49765625 0.00546875 0.0078125
0 0.61953125 0.4984375 0.00625 0.0109375
0 0.63671875 0.49609375 0.00703125 0.0109375
0 0.5890625 0.53203125 0.00625 0.0109375
0 0.6140625 0.50859375 0.00625 0.0109375
0 0.63828125 0.50859375 0.00625 0.01015625
0 0.66484375 0.5203125 0.00625 0.01015625
0 0.678125 0.56171875 0.00703125 0.01171875
0 0.65 0.58828125 0.0078125 0.0078125
0 0.6328125 0.59296875 0.0078125 0.0078125
0 0.6203125 0.5828125 0.00703125 0.009375
0 0.69296875 0.5328125 0.0078125 0.01484375
0 0.70625 0.58203125 0.0078125 0.0140625
0 0.70546875 0.51875 0.00546875 0.009375
0 0.715625 0.5 0.0078125 0.01328125
0 0.734375 0.4921875 0.00703125 0.0109375
0 0.72890625 0.50234375 0.0046875 0.0078125
0 0.7515625 0.5140625 0.00546875 0.00625
0 0.753125 0.52734375 0.00625 0.01171875
0 0.7609375 0.55 0.00703125 0.0109375
0 0.75390625 0.56796875 0.00546875 0.00859375
0 0.77109375 0.57734375 0.00625 0.0109375
0 0.76484375 0.60859375 0.0078125 0.0109375
0 0.7421875 0.603125 0.0046875 0.01015625
0 0.778125 0.54453125 0.00546875 0.00859375
0 0.7765625 0.5578125 0.00546875 0.00859375
0 0.78515625 0.5765625 0.0078125 0.01171875
0 0.790625 0.6 0.0078125 0.0125
0 0.8 0.62578125 0.0078125 0.0140625
0 0.79609375 0.621875 0.00625 0.009375
0 0.41796875 0.3859375 0.0078125 0.01171875
0 0.4234375 0.371875 0.0078125 0.009375