0 0.42421875 0.5828125 0.0078125 0.0109375
0 0.43515625 0.57265625 0.0078125 0.01171875
0 0.425 0.54765625 0.0078125 0.01015625
0 0.39765625 0.52734375 0.00859375 0.00703125
0 0.3921875 0.5359375 0.0078125 0.0109375
0 0.3859375 0.5171875 0.0078125 0.01171875
0 0.37578125 0.49921875 0.0078125 0.01015625
0 0.36484375 0.55234375 0.00859375 0.0140625
0 0.34140625 0.540625 0.009375 0.01328125
0 0.328125 0.53828125 0.00703125 0.0125
0 0.3296875 0.4828125 0.00859375 0.0125
0 0.353125 0.471875 0.0078125 0.009375
0 0.35078125 0.49375 0.0078125 0.01328125
0 0.371875 0.484375 0.00859375 0.0125
0 0.38203125 0.45703125 0.009375 0.01171875
0 0.39765625 0.4421875 0.00859375 0.01328125
0 0.4015625 0.42734375 0.00859375 0.0109375
0 0.4171875 0.39921875 0.01171875 0.01875
0 0.51640625 0.4609375 0.00859375 0.01328125
0 0.5046875 0.42421875 0.0078125 0.0140625
0 0.50625 0.390625 0.009375 0.0125
0 0.52109375 0.38125 0.00703125 0.0109375
0 0.54375 0.40234375 0.009375 0.01484375
0 0.55703125 0.43984375 0.009375 0.015625
0 0.54375 0.4203125 0.00625 0.01171875
0 0.56015625 0.40625 0.00546875 0.01015625
0 0.5640625 0.40859375 0.00703125 0.0109375
0 0.55859375 0.3921875 0.0078125 0.01015625
0 0.5671875 0.43125 0.0046875 0.009375
0 0.51875 0.365625 0.00546875 0.0109375
0 0.52890625 0.37265625 0.00703125 0.01171875
0 0.53671875 0.38359375 0.00390625 0.0078125
0 0.4734375 0.384375 0.00703125 0.009375
0 0.4734375 0.35390625 0.0078125 0.009375
0 0.4859375 0.35625 0.00546875 0.00859375
0 0.45546875 0.33984375 0.009375 0.0109375
0 0.45625 0.3203125 0.00859375 0.0109375
0 0.475 0.30234375 0.01015625 0.0125
0 0.49609375 0.2875 0.009375 0.015625
0 0.5234375 0.290625 0.00859375 0.0125
0 0.52734375 0.3203125 0.0078125 0.0140625
0 0.52578125 0.29765625 0.00859375 0.0109375
0 0.5484375 0.31484375 0.0078125 0.0125
0 0.57421875 0.34921875 0.00703125 0.01171875
0 0.5828125 0.34609375 0.0078125 0.0109375
0 0.59375 0.3640625 0.00859375 0.01015625
0 0.58984375 0.3765625 0.00625 0.009375
0 0.56640625 0.375 0.00546875 0.0078125
0 0.584375 0.38046875 0.00703125 0.0109375
0 0.60234375 0.38203125 0.0078125 0.01484375
0 0.61015625 0.4125 0.0078125 0.0140625
0 0.6296875 0.44296875 0.00859375 0.01484375
0 0.61875 0.4609375 0.00859375 0.01171875
0 0.61796875 0.50078125 0.00859375 0.015625
0 0.59375 0.48828125 0.00859375 0.01484375
0 0.575 0.44921875 0.00859375 0.01328125
0 0.53984375 0.484375 0.00859375 0.0125
0 0.553125 0.47890625 0.009375 0.0109375
0 0.63515625 0.48046875 0.0078125 0.01171875
0 0.6359375 0.490625 0.00703125 0.015625
0 0.6078125 0.50859375 0.00703125 0.0125
0 0.61328125 0.5140625 0.0109375 0.0109375
0 0.5875 0.5390625 0.0078125 0.01171875
0 0.66328125 0.51015625 0.0078125 0.0125
0 0.67734375 0.55 0.00859375 0.01328125
0 0.665625 0.6015625 0.009375 0.0140625
0 0.63359375 0.59296875 0.00859375 0.0109375
0 0.61796875 0.584375 0.00859375 0.01015625
0 0.7046875 0.571875 0.00625 0.0109375
0 0.69140625 0.5328125 0.00703125 0.01171875
0 0.7015625 0.51953125 0.0046875 0.00703125
0 0.70625 0.515625 0.0078125 0.0109375
0 0.709375 0.5015625 0.00859375 0.01015625
0 0.73125 0.4890625 0.00703125 0.0109375
0 0.72890625 0.50234375 0.00625 0.01015625
0 0.75078125 0.51328125 0.0078125 0.0125
0 0.74375 0.53046875 0.00625 0.01171875
0 0.759375 0.54609375 0.00625 0.00859375
0 0.7625 0.553125 0.00703125 0.009375
0 0.73515625 0.5890625 0.00703125 0.01171875
0 0.759375 0.58828125 0.00703125 0.0109375
0 0.77734375 0.54375 0.0078125 0.01015625
0 0.77578125 0.55234375 0.00859375 0.0125
0 0.78359375 0.57421875 0.00859375 0.01328125
0 0.78046875 0.56796875 0.00625 0.009375
0 0.79921875 0.62421875 0.00625 0.0109375
0 0.790625 0.5984375 0.00703125 0.0109375
0 0.796875 0.62109375 0.0046875 0.0078125