0 0.3921875 0.56171875 0.00859375 0.0140625
0 0.42265625 0.58828125 0.0078125 0.01328125
0 0.42734375 0.5828125 0.009375 0.0140625
0 0.409375 0.55546875 0.0078125 0.0125
0 0.3953125 0.5390625 0.00703125 0.01015625
0 0.3671875 0.52265625 0.009375 0.01484375
0 0.3796875 0.52734375 0.00703125 0.0109375
0 0.33203125 0.52421875 0.0078125 0.01171875
0 0.33359375 0.4796875 0.00859375 0.01328125
0 0.35859375 0.4515625 0.0078125 0.01015625
0 0.3765625 0.49296875 0.00859375 0.0140625
0 0.38125 0.459375 0.0078125 0.01015625
0 0.39453125 0.43671875 0.00703125 0.00859375
0 0.40390625 0.4265625 0.00859375 0.01015625
0 0.40859375 0.39921875 0.00625 0.01015625
0 0.41640625 0.40546875 0.00625 0.0109375
0 0.51328125 0.465625 0.00625 0.0109375
0 0.50234375 0.428125 0.00625 0.0109375
0 0.503125 0.39140625 0.00625 0.009375
0 0.5203125 0.38046875 0.00703125 0.01015625
0 0.54453125 0.4015625 0.00703125 0.0109375
0 0.55703125 0.4390625 0.0078125 0.01171875
0 0.5515625 0.4796875 0.00625 0.0109375
0 0.5359375 0.4859375 0.00625 0.009375
0 0.5140625 0.3640625 0.00703125 0.0109375
0 0.5359375 0.3796875 0.00625 0.00859375
0 0.5234375 0.37421875 0.00546875 0.009375
0 0.484375 0.35078125 0.00703125 0.01171875
0 0.459375 0.33984375 0.00625 0.01015625
0 0.459375 0.31484375 0.00546875 0.00859375
0 0.4765625 0.29921875 0.00703125 0.00859375
0 0.49921875 0.2859375 0.0078125 0.01015625
0 0.52734375 0.2890625 0.00703125 0.009375
0 0.5296875 0.2953125 0.00703125 0.01171875
0 0.53203125 0.32109375 0.00625 0.0109375
0 0.5515625 0.309375 0.00703125 0.01015625
0 0.5765625 0.34765625 0.0078125 0.01015625
0 0.5984375 0.36953125 0.00859375 0.01171875
0 0.575 0.38046875 0.00625 0.01015625
0 0.5859375 0.384375 0.0046875 0.009375
0 0.57421875 0.40234375 0.00625 0.009375
0 0.584375 0.44296875 0.0078125 0.0140625
0 0.6171875 0.4296875 0.0078125 0.0125
0 0.61796875 0.46171875 0.00625 0.0109375
0 0.61484375 0.48828125 0.0078125 0.0140625
0 0.6 0.48125 0.00625 0.01171875
0 0.59375 0.490625 0.0078125 0.01171875
0 0.60625 0.51171875 0.00703125 0.01015625
0 0.5890625 0.53203125 0.0078125 0.01171875
0 0.6296875 0.471875 0.00703125 0.0109375
0 0.615625 0.515625 0.00703125 0.01171875
0 0.65625 0.49609375 0.00703125 0.0125
0 0.671875 0.53125 0.0078125 0.01015625
0 0.66640625 0.5828125 0.0078125 0.0140625
0 0.63828125 0.5921875 0.0078125 0.01171875
0 0.61640625 0.584375 0.0078125 0.0109375
0 0.7015625 0.55703125 0.00703125 0.0109375
0 0.69140625 0.53203125 0.00703125 0.01015625
0 0.70703125 0.51171875 0.00546875 0.01015625
0 0.7203125 0.50078125 0.00703125 0.0109375
0 0.73359375 0.49453125 0.00625 0.0109375
0 0.73671875 0.5203125 0.00703125 0.0125
0 0.75546875 0.52109375 0.00703125 0.01171875
0 0.7546875 0.54296875 0.00625 0.0109375
0 0.77421875 0.540625 0.00625 0.0109375
0 0.746875 0.571875 0.00625 0.009375
0 0.72734375 0.5671875 0.00703125 0.01015625
0 0.7546875 0.57890625 0.00625 0.009375
0 0.7609375 0.5578125 0.00625 0.01015625
0 0.7765625 0.5671875 0.00625 0.01015625
0 0.784375 0.5703125 0.00625 0.01015625
0 0.7921875 0.596875 0.00625 0.01015625
0 0.80078125 0.6265625 0.00625 0.01015625
0 0.7984375 0.61953125 0.00546875 0.009375
0 0.77578125 0.5453125 0.0046875 0.01015625