0 0.41640625 0.5953125 0.00859375 0.01328125
0 0.42890625 0.57578125 0.00703125 0.01171875
0 0.421875 0.5515625 0.0078125 0.01015625
0 0.3953125 0.53515625 0.00859375 0.0109375
0 0.38359375 0.55390625 0.00703125 0.01171875
0 0.36875 0.509375 0.00703125 0.0109375
0 0.378125 0.53125 0.00859375 0.0125
0 0.36640625 0.553125 0.009375 0.0140625
0 0.34375 0.540625 0.00703125 0.0109375
0 0.328125 0.53984375 0.0078125 0.01328125
0 0.33125 0.48359375 0.00859375 0.01328125
0 0.35546875 0.47421875 0.0078125 0.0125
0 0.34921875 0.4921875 0.00625 0.01015625
0 0.37421875 0.48203125 0.0078125 0.01484375
0 0.3828125 0.45859375 0.00703125 0.0125
0 0.40078125 0.4421875 0.00703125 0.01015625
0 0.4046875 0.425 0.0078125 0.01171875
0 0.41953125 0.40078125 0.00859375 0.01328125
0 0.47421875 0.3546875 0.0078125 0.01171875
0 0.4859375 0.35703125 0.00625 0.01015625
0 0.5078125 0.35546875 0.00546875 0.009375
0 0.4546875 0.33984375 0.00703125 0.0125
0 0.4578125 0.3203125 0.00703125 0.01171875
0 0.47421875 0.303125 0.0078125 0.01015625
0 0.49609375 0.28984375 0.0078125 0.0125
0 0.52421875 0.28984375 0.00859375 0.0109375
0 0.53046875 0.31640625 0.0078125 0.0125
0 0.50625 0.39296875 0.01015625 0.01015625
0 0.5203125 0.3625 0.00625 0.009375
0 0.5296875 0.371875 0.00625 0.01171875
0 0.5390625 0.378125 0.0046875 0.00703125
0 0.56171875 0.3921875 0.00625 0.0125
0 0.54453125 0.40234375 0.00546875 0.0109375
0 0.54921875 0.31640625 0.0078125 0.0109375
0 0.52734375 0.29609375 0.009375 0.0140625
0 0.575 0.35078125 0.009375 0.0140625
0 0.50625 0.425 0.0078125 0.0125
0 0.51640625 0.4625 0.0078125 0.0140625
0 0.53984375 0.484375 0.00859375 0.01171875
0 0.553125 0.4796875 0.00859375 0.01484375
0 0.55859375 0.43671875 0.00859375 0.0109375
0 0.5453125 0.42265625 0.00703125 0.01015625
0 0.56015625 0.40859375 0.00546875 0.009375
0 0.5640625 0.40625 0.00703125 0.01171875
0 0.56875 0.37421875 0.0078125 0.0125
0 0.584375 0.34921875 0.00546875 0.0109375
0 0.596875 0.371875 0.00625 0.01015625
0 0.58515625 0.3796875 0.0078125 0.0125
0 0.603125 0.384375 0.00703125 0.0125
0 0.6109375 0.4140625 0.00703125 0.0125
0 0.63125 0.44296875 0.0078125 0.01171875
0 0.628125 0.46640625 0.0078125 0.0125
0 0.6171875 0.50078125 0.009375 0.0109375
0 0.59609375 0.4859375 0.00859375 0.01328125
0 0.6109375 0.5078125 0.00859375 0.01484375
0 0.575 0.45234375 0.00703125 0.0125
0 0.5859375 0.53828125 0.00703125 0.0109375
0 0.61484375 0.51796875 0.009375 0.01328125
0 0.63671875 0.4890625 0.00625 0.0125
0 0.66171875 0.51015625 0.00859375 0.01171875
0 0.67734375 0.55 0.0078125 0.01328125
0 0.6640625 0.5984375 0.0078125 0.0140625
0 0.63359375 0.59140625 0.00703125 0.0125
0 0.61953125 0.58359375 0.00859375 0.0140625
0 0.69375 0.5328125 0.0078125 0.01328125
0 0.7109375 0.50078125 0.00546875 0.00859375
0 0.703125 0.521875 0.00625 0.01015625
0 0.73203125 0.49296875 0.00859375 0.01484375
0 0.7515625 0.515625 0.00703125 0.01328125
0 0.759375 0.55 0.00625 0.0109375
0 0.76171875 0.59453125 0.0078125 0.0125
0 0.7390625 0.59375 0.0078125 0.0140625
0 0.70625 0.5765625 0.0078125 0.01328125
0 0.7671875 0.559375 0.00625 0.01015625
0 0.77734375 0.5421875 0.0078125 0.00859375
0 0.7765625 0.55546875 0.00625 0.009375
0 0.78046875 0.57109375 0.00625 0.01015625
0 0.78359375 0.5765625 0.0078125 0.0125
0 0.7890625 0.60078125 0.00859375 0.01484375
0 0.796875 0.62578125 0.00859375 0.01328125