0 0.42109375 0.58359375 0.00625 0.0109375
0 0.4296875 0.584375 0.00546875 0.009375
0 0.421875 0.55234375 0.00625 0.01015625
0 0.3953125 0.55078125 0.00625 0.009375
0 0.396875 0.534375 0.00546875 0.009375
0 0.3828125 0.52265625 0.00703125 0.0109375
0 0.36875 0.5171875 0.00703125 0.0078125
0 0.36171875 0.5421875 0.00625 0.01171875
0 0.33984375 0.52734375 0.00546875 0.0078125
0 0.3296875 0.528125 0.00546875 0.00859375
0 0.33203125 0.48515625 0.00625 0.01171875
0 0.35234375 0.4640625 0.00703125 0.009375
0 0.37578125 0.4828125 0.00625 0.01015625
0 0.3828125 0.45078125 0.0078125 0.0125
0 0.4 0.43671875 0.0078125 0.01015625
0 0.40625 0.42734375 0.00625 0.00859375
0 0.41953125 0.403125 0.0078125 0.01015625
0 0.5171875 0.4640625 0.0078125 0.01171875
0 0.5046875 0.428125 0.00546875 0.0109375
0 0.50546875 0.39375 0.00625 0.01015625
0 0.52109375 0.3859375 0.00625 0.01015625
0 0.54296875 0.403125 0.00625 0.0109375
0 0.55625 0.440625 0.00625 0.01171875
0 0.54765625 0.46953125 0.00703125 0.01015625
0 0.53828125 0.48359375 0.00625 0.01015625
0 0.51328125 0.3640625 0.00625 0.009375
0 0.5265625 0.3703125 0.00703125 0.00859375
0 0.53515625 0.3765625 0.00625 0.00859375
0 0.4828125 0.35546875 0.00546875 0.00859375
0 0.45859375 0.340625 0.00703125 0.009375
0 0.4609375 0.32109375 0.00703125 0.0125
0 0.47734375 0.30625 0.01015625 0.01171875
0 0.49609375 0.29453125 0.00859375 0.0109375
0 0.51953125 0.296875 0.00859375 0.01171875
0 0.528125 0.3234375 0.00703125 0.01171875
0 0.52734375 0.2953125 0.009375 0.01171875
0 0.5484375 0.31875 0.0078125 0.01328125
0 0.571875 0.34921875 0.0078125 0.01171875
0 0.59375 0.36953125 0.00859375 0.01171875
0 0.56015625 0.3953125 0.00625 0.0078125
0 0.5421875 0.41953125 0.00625 0.009375
0 0.55703125 0.41171875 0.00546875 0.009375
0 0.56796875 0.43125 0.00625 0.00859375
0 0.565625 0.40546875 0.00625 0.009375
0 0.56875 0.37890625 0.00546875 0.0078125
0 0.58125 0.38125 0.00546875 0.0078125
0 0.5890625 0.3859375 0.00703125 0.01171875
0 0.6046875 0.415625 0.00546875 0.01015625
0 0.61484375 0.4359375 0.00625 0.009375
0 0.59609375 0.43515625 0.00625 0.0078125
0 0.57578125 0.44609375 0.00625 0.0109375
0 0.59375 0.4859375 0.0078125 0.00859375
0 0.6078125 0.48828125 0.00703125 0.01015625
0 0.6125 0.459375 0.00703125 0.00859375
0 0.609375 0.471875 0.00546875 0.009375
0 0.6296875 0.4703125 0.00703125 0.009375
0 0.63203125 0.48828125 0.00546875 0.009375
0 0.61640625 0.4984375 0.00546875 0.009375
0 0.6078125 0.5078125 0.00703125 0.009375
0 0.58515625 0.534375 0.00703125 0.009375
0 0.6109375 0.51328125 0.00703125 0.0109375
0 0.6546875 0.50625 0.0078125 0.0109375
0 0.6703125 0.54921875 0.00625 0.01171875
0 0.6625 0.59609375 0.00703125 0.009375
0 0.63203125 0.59140625 0.00625 0.009375
0 0.615625 0.5859375 0.00703125 0.009375
0 0.703125 0.5640625 0.00625 0.01015625
0 0.69296875 0.5328125 0.0046875 0.01015625
0 0.70234375 0.528125 0.00546875 0.009375
0 0.71328125 0.51015625 0.00703125 0.00859375
0 0.73125 0.5 0.0078125 0.0078125
0 0.7265625 0.51015625 0.00703125 0.01015625
0 0.73984375 0.52734375 0.00703125 0.0109375
0 0.75 0.52421875 0.00703125 0.0125
0 0.75625 0.55234375 0.0046875 0.009375
0 0.75390625 0.58125 0.00546875 0.009375
0 0.73203125 0.57578125 0.00625 0.01015625
0 0.77265625 0.54375 0.00625 0.01015625
0 0.7765625 0.56953125 0.00625 0.01015625
0 0.7734375 0.55546875 0.00546875 0.0078125
0 0.78046875 0.57421875 0.0078125 0.01328125
0 0.7890625 0.59921875 0.00703125 0.01328125
0 0.79609375 0.628125 0.00625 0.0125
0 0.79375 0.621875 0.00546875 0.0109375