0 0.43125 0.5875 0.00703125 0.0109375
0 0.41953125 0.55390625 0.0078125 0.0109375
0 0.42265625 0.59375 0.0078125 0.01015625
0 0.3953125 0.5375 0.00546875 0.009375
0 0.38671875 0.53203125 0.00703125 0.009375
0 0.3671875 0.5171875 0.00703125 0.0109375
0 0.3625 0.54375 0.0078125 0.0125
0 0.3796875 0.52734375 0.00625 0.0078125
0 0.32890625 0.5296875 0.00625 0.0109375
0 0.34609375 0.52265625 0.00703125 0.0109375
0 0.3328125 0.48203125 0.0078125 0.01328125
0 0.35625 0.48046875 0.00703125 0.01015625
0 0.35390625 0.4625 0.00625 0.01015625
0 0.3734375 0.484375 0.0078125 0.01015625
0 0.38125 0.45390625 0.0078125 0.0140625
0 0.396875 0.43828125 0.009375 0.0125
0 0.41640625 0.40234375 0.0078125 0.0140625
0 0.4234375 0.40703125 0.0078125 0.01484375
0 0.5140625 0.46328125 0.0078125 0.0125
0 0.503125 0.42734375 0.00703125 0.0125
0 0.50546875 0.39375 0.00703125 0.01328125
0 0.52109375 0.38515625 0.0078125 0.0109375
0 0.54375 0.403125 0.00859375 0.0140625
0 0.55703125 0.44140625 0.00859375 0.0140625
0 0.5515625 0.478125 0.00859375 0.01171875
0 0.53828125 0.4859375 0.00703125 0.0109375
0 0.48203125 0.35625 0.00546875 0.01015625
0 0.490625 0.37265625 0.0046875 0.00859375
0 0.51484375 0.3625 0.0078125 0.0125
0 0.525 0.36953125 0.0078125 0.0125
0 0.5359375 0.3765625 0.00703125 0.01171875
0 0.55625 0.39921875 0.00703125 0.009375
0 0.56015625 0.38671875 0.00703125 0.00859375
0 0.5671875 0.3765625 0.00703125 0.009375
0 0.54609375 0.43125 0.0046875 0.0109375
0 0.55859375 0.4171875 0.00703125 0.009375
0 0.575 0.4421875 0.00859375 0.0140625
0 0.58125 0.38359375 0.00703125 0.01015625
0 0.5890625 0.384375 0.00703125 0.01015625
0 0.45859375 0.3421875 0.00859375 0.0125
0 0.45859375 0.3234375 0.0078125 0.0125
0 0.47734375 0.30859375 0.009375 0.0125
0 0.496875 0.29296875 0.0078125 0.01328125
0 0.521875 0.2953125 0.009375 0.0109375
0 0.53046875 0.321875 0.00859375 0.01328125
0 0.528125 0.29765625 0.009375 0.01328125
0 0.55078125 0.31640625 0.0078125 0.01171875
0 0.575 0.34921875 0.009375 0.0125
0 0.59609375 0.36953125 0.00859375 0.0140625
0 0.60390625 0.4125 0.00859375 0.01171875
0 0.61953125 0.43125 0.00703125 0.0140625
0 0.63203125 0.46328125 0.00859375 0.015625
0 0.61171875 0.47109375 0.0078125 0.0109375
0 0.615625 0.45625 0.00546875 0.0109375
0 0.60859375 0.484375 0.00859375 0.0109375
0 0.59140625 0.475 0.0078125 0.0140625
0 0.59453125 0.4921875 0.00703125 0.009375
0 0.6078125 0.5125 0.00625 0.0109375
0 0.61640625 0.50234375 0.00703125 0.0109375
0 0.584375 0.53515625 0.0078125 0.0125
0 0.6328125 0.4890625 0.0078125 0.01328125
0 0.65625 0.509375 0.0078125 0.015625
0 0.671875 0.55078125 0.009375 0.01484375
0 0.6609375 0.59921875 0.00859375 0.01171875
0 0.63125 0.59140625 0.00859375 0.01015625
0 0.61484375 0.584375 0.00703125 0.01015625
0 0.69140625 0.534375 0.00625 0.0109375
0 0.70078125 0.52265625 0.00859375 0.01328125
0 0.71171875 0.50703125 0.00859375 0.0125
0 0.72578125 0.50859375 0.0078125 0.01015625
0 0.72890625 0.49921875 0.00859375 0.01484375
0 0.74921875 0.5203125 0.00859375 0.01328125
0 0.73828125 0.521875 0.0046875 0.0078125
0 0.75859375 0.55390625 0.00703125 0.0109375
0 0.7484375 0.57421875 0.0046875 0.00859375
0 0.75703125 0.584375 0.00546875 0.01015625
0 0.73359375 0.578125 0.00859375 0.01328125
0 0.70234375 0.56875 0.0078125 0.01484375
0 0.77265625 0.546875 0.0078125 0.0109375
0 0.77578125 0.5640625 0.00703125 0.00859375
0 0.78203125 0.5703125 0.009375 0.01171875
0 0.78828125 0.59921875 0.0078125 0.01328125
0 0.79765625 0.6234375 0.00546875 0.0078125
0 0.7953125 0.61796875 0.0046875 0.009375