0 0.36640625 0.50546875 0.0078125 0.01015625
0 0.38203125 0.52265625 0.00703125 0.01015625
0 0.39609375 0.525 0.0078125 0.0078125
0 0.42578125 0.5390625 0.00625 0.01015625
0 0.43125 0.56484375 0.00546875 0.01015625
0 0.4234375 0.57734375 0.00625 0.009375
0 0.36953125 0.553125 0.00625 0.0078125
0 0.34453125 0.54375 0.00703125 0.009375
0 0.3328125 0.534375 0.00703125 0.009375
0 0.33203125 0.475 0.00703125 0.0109375
0 0.35859375 0.46875 0.00625 0.00859375
0 0.371875 0.46484375 0.00625 0.00703125
0 0.37109375 0.478125 0.00546875 0.0078125
0 0.38515625 0.45078125 0.00703125 0.00859375
0 0.40390625 0.440625 0.00625 0.01015625
0 0.4078125 0.41640625 0.0078125 0.0109375
0 0.425 0.39765625 0.00703125 0.01015625
0 0.41640625 0.3875 0.00625 0.009375
0 0.421875 0.37421875 0.00546875 0.0078125
0 0.475 0.38203125 0.0078125 0.00859375
0 0.4765625 0.3671875 0.0078125 0.01015625
0 0.48671875 0.35859375 0.00703125 0.01328125
0 0.51015625 0.353125 0.0046875 0.009375
0 0.5203125 0.35859375 0.00546875 0.01015625
0 0.5328125 0.36640625 0.00546875 0.00859375
0 0.4546875 0.3421875 0.00703125 0.0109375
0 0.4578125 0.3171875 0.00703125 0.009375
0 0.47421875 0.3046875 0.00703125 0.01015625
0 0.496875 0.29140625 0.00625 0.01171875
0 0.525 0.2875 0.00546875 0.00703125
0 0.5203125 0.2953125 0.00625 0.0078125
0 0.52578125 0.315625 0.00546875 0.01015625
0 0.53359375 0.29609375 0.00625 0.01015625
0 0.546875 0.31875 0.00625 0.01015625
0 0.55 0.3140625 0.0078125 0.00859375
0 0.578125 0.3421875 0.00546875 0.00859375
0 0.575 0.35234375 0.00625 0.00859375
0 0.5921875 0.34296875 0.00625 0.009375
0 0.6015625 0.35859375 0.00546875 0.0078125
0 0.6 0.371875 0.00703125 0.01015625
0 0.58203125 0.37421875 0.00703125 0.01015625
0 0.5625 0.37109375 0.00703125 0.009375
0 0.55859375 0.4 0.00703125 0.01015625
0 0.56015625 0.3890625 0.00625 0.00703125
0 0.546875 0.4015625 0.00703125 0.01015625
0 0.52578125 0.3890625 0.00625 0.00859375
0 0.51015625 0.38984375 0.0078125 0.009375
0 0.509375 0.4234375 0.00703125 0.01015625
0 0.52109375 0.45859375 0.00703125 0.01015625
0 0.5453125 0.484375 0.00625 0.00859375
0 0.5546875 0.48046875 0.0078125 0.009375
0 0.5609375 0.4390625 0.00625 0.0078125
0 0.5453125 0.425 0.00625 0.00859375
0 0.55859375 0.41171875 0.0046875 0.0078125
0 0.57265625 0.4421875 0.0078125 0.01171875
0 0.60703125 0.38984375 0.00625 0.0078125
0 0.609375 0.40078125 0.00625 0.01015625
0 0.63046875 0.4375 0.00703125 0.0125
0 0.621875 0.453125 0.00703125 0.0109375
0 0.61484375 0.465625 0.00546875 0.01015625
0 0.6140625 0.48515625 0.0078125 0.0109375
0 0.596875 0.48671875 0.0078125 0.01171875
0 0.61171875 0.50859375 0.00625 0.01015625
0 0.621875 0.50078125 0.00625 0.01015625
0 0.63828125 0.490625 0.00625 0.0109375
0 0.64140625 0.49453125 0.00625 0.0125
0 0.58984375 0.5328125 0.00625 0.01015625
0 0.66640625 0.51796875 0.0078125 0.0109375
0 0.68125 0.55625 0.0078125 0.0140625
0 0.66484375 0.60546875 0.0078125 0.0109375
0 0.63671875 0.59296875 0.00703125 0.009375
0 0.6203125 0.5859375 0.00703125 0.00859375
0 0.69375 0.5359375 0.0078125 0.0109375
0 0.70859375 0.51953125 0.00546875 0.009375
0 0.7140625 0.5 0.00859375 0.0109375
0 0.7375 0.48984375 0.00625 0.01015625
0 0.7328125 0.5015625 0.00703125 0.0109375
0 0.70625 0.58359375 0.00625 0.0109375
0 0.7421875 0.609375 0.00703125 0.01015625
0 0.76328125 0.615625 0.0078125 0.0109375
0 0.771875 0.58359375 0.00625 0.01015625
0 0.7625 0.55078125 0.0078125 0.0109375
0 0.75546875 0.51484375 0.00546875 0.0109375
0 0.75546875 0.52421875 0.00625 0.01015625
0 0.759375 0.565625 0.00625 0.01015625
0 0.78046875 0.5453125 0.00625 0.01171875
0 0.778125 0.55390625 0.00703125 0.0109375
0 0.784375 0.56796875 0.0046875 0.00625
0 0.78671875 0.57421875 0.00703125 0.0109375
0 0.79296875 0.6015625 0.00625 0.01171875
0 0.80078125 0.6265625 0.00546875 0.0125