0 0.425 0.59296875 0.00859375 0.01328125
0 0.4359375 0.58203125 0.0078125 0.01171875
0 0.396875 0.5328125 0.00703125 0.01015625
0 0.39765625 0.55 0.00703125 0.009375
0 0.3734375 0.50546875 0.00859375 0.01171875
0 0.37890625 0.51484375 0.00703125 0.0125
0 0.3859375 0.5265625 0.00703125 0.01171875
0 0.365625 0.55078125 0.00859375 0.01328125
0 0.3421875 0.5421875 0.0078125 0.0109375
0 0.3296875 0.540625 0.0078125 0.01171875
0 0.3296875 0.4828125 0.00625 0.01015625
0 0.35625 0.46484375 0.00546875 0.009375
0 0.35390625 0.48203125 0.00703125 0.01171875
0 0.37109375 0.4828125 0.00703125 0.01015625
0 0.37890625 0.453125 0.00703125 0.0109375
0 0.39765625 0.4359375 0.0078125 0.01015625
0 0.40234375 0.42578125 0.00703125 0.0109375
0 0.415625 0.39375 0.00859375 0.01328125
0 0.4765625 0.3515625 0.00703125 0.009375
0 0.4890625 0.35859375 0.00625 0.0109375
0 0.45625 0.33984375 0.0078125 0.01171875
0 0.45703125 0.3203125 0.00625 0.01015625
0 0.475 0.3015625 0.009375 0.01015625
0 0.496875 0.2875 0.009375 0.0125
0 0.525 0.290625 0.0078125 0.0109375
0 0.53203125 0.31953125 0.0078125 0.01015625
0 0.52890625 0.29609375 0.00703125 0.0109375
0 0.54921875 0.31171875 0.00703125 0.0125
0 0.5734375 0.34921875 0.00703125 0.01171875
0 0.5765625 0.3421875 0.00703125 0.01015625
0 0.5984375 0.36640625 0.0078125 0.01171875
0 0.584375 0.3765625 0.00625 0.00859375
0 0.56875 0.37265625 0.00859375 0.01015625
0 0.5609375 0.39140625 0.00703125 0.00859375
0 0.565625 0.40390625 0.00546875 0.00703125
0 0.5609375 0.41328125 0.00625 0.00859375
0 0.5578125 0.41875 0.00625 0.009375
0 0.5453125 0.42109375 0.00625 0.009375
0 0.57890625 0.44453125 0.0078125 0.01171875
0 0.59765625 0.38203125 0.00703125 0.0109375
0 0.60859375 0.41328125 0.0078125 0.0109375
0 0.56015625 0.4359375 0.00625 0.0109375
0 0.5546875 0.47734375 0.0078125 0.01015625
0 0.54296875 0.48203125 0.00859375 0.0109375
0 0.51953125 0.459375 0.00703125 0.0109375
0 0.50859375 0.42265625 0.00703125 0.01171875
0 0.5078125 0.38828125 0.00703125 0.01171875
0 0.509375 0.35390625 0.0046875 0.00625
0 0.5171875 0.36171875 0.00625 0.01015625
0 0.5296875 0.37109375 0.00546875 0.009375
0 0.52265625 0.38203125 0.0078125 0.01171875
0 0.5375 0.384375 0.00625 0.00859375
0 0.546875 0.39921875 0.00546875 0.00859375
0 0.59296875 0.478125 0.0078125 0.01328125
0 0.61328125 0.4890625 0.00625 0.0109375
0 0.6171875 0.45703125 0.00625 0.0109375
0 0.6296875 0.4375 0.00859375 0.0109375
0 0.6359375 0.47890625 0.00859375 0.015625
0 0.60859375 0.5078125 0.0078125 0.0109375
0 0.61875 0.5 0.00703125 0.00859375
0 0.58984375 0.53671875 0.00703125 0.01171875
0 0.6640625 0.5078125 0.0078125 0.01171875
0 0.678125 0.546875 0.00703125 0.0125
0 0.66796875 0.59921875 0.00859375 0.01171875
0 0.63671875 0.58984375 0.009375 0.0109375
0 0.61953125 0.5828125 0.00703125 0.009375
0 0.70234375 0.56796875 0.00625 0.009375
0 0.690625 0.52578125 0.00625 0.01015625
0 0.70234375 0.5171875 0.00546875 0.0078125
0 0.71171875 0.49609375 0.00703125 0.01015625
0 0.73125 0.4890625 0.00859375 0.0109375
0 0.753125 0.5109375 0.00859375 0.01484375
0 0.7609375 0.54765625 0.00546875 0.00703125
0 0.765625 0.55859375 0.0078125 0.009375
0 0.76171875 0.58828125 0.00625 0.009375
0 0.7375 0.58828125 0.00625 0.01015625
0 0.7546875 0.5734375 0.00703125 0.00859375
0 0.778125 0.53828125 0.00625 0.009375
0 0.77734375 0.55 0.00625 0.01015625
0 0.78203125 0.56484375 0.00546875 0.00703125
0 0.78671875 0.56953125 0.00625 0.0125
0 0.79296875 0.59609375 0.0078125 0.0125
0 0.80234375 0.6234375 0.00625 0.01171875
0 0.8 0.6171875 0.0046875 0.00859375