0 0.42265625 0.5859375 0.00703125 0.01171875
0 0.43046875 0.58203125 0.0078125 0.0109375
0 0.39453125 0.5375 0.00703125 0.009375
0 0.38125 0.5265625 0.0078125 0.0078125
0 0.3640625 0.5203125 0.00859375 0.0125
0 0.3609375 0.54140625 0.00859375 0.01171875
0 0.340625 0.528125 0.00703125 0.01015625
0 0.328125 0.53046875 0.00625 0.0125
0 0.33046875 0.47890625 0.00703125 0.01171875
0 0.3515625 0.4625 0.00703125 0.01328125
0 0.375 0.47734375 0.0078125 0.0125
0 0.384375 0.4484375 0.00859375 0.01171875
0 0.3984375 0.4328125 0.00859375 0.01171875
0 0.40546875 0.421875 0.0078125 0.01015625
0 0.41875 0.40078125 0.009375 0.0140625
0 0.3515625 0.48828125 0.00703125 0.01015625
0 0.5078125 0.39375 0.009375 0.0125
0 0.5234375 0.38828125 0.00625 0.01015625
0 0.50703125 0.42578125 0.00703125 0.0125
0 0.51640625 0.46171875 0.0078125 0.0125
0 0.5390625 0.48515625 0.01015625 0.0125
0 0.55234375 0.4765625 0.0078125 0.0125
0 0.55859375 0.43984375 0.0078125 0.01171875
0 0.5453125 0.4015625 0.00859375 0.01328125
0 0.56015625 0.3953125 0.00703125 0.0109375
0 0.56328125 0.415625 0.00546875 0.01015625
0 0.5453125 0.4265625 0.0078125 0.01015625
0 0.55546875 0.42421875 0.00546875 0.009375
0 0.5703125 0.40546875 0.0078125 0.01171875
0 0.571875 0.37734375 0.00625 0.00859375
0 0.59140625 0.3875 0.00703125 0.009375
0 0.584375 0.384375 0.0046875 0.00859375
0 0.6078125 0.41875 0.00546875 0.01015625
0 0.621875 0.42734375 0.00703125 0.015625
0 0.57734375 0.4484375 0.00859375 0.01328125
0 0.56328125 0.37890625 0.00625 0.01015625
0 0.4828125 0.35546875 0.00625 0.01171875
0 0.5140625 0.36171875 0.00703125 0.01171875
0 0.52578125 0.36640625 0.00703125 0.0109375
0 0.534375 0.37421875 0.00546875 0.009375
0 0.4609375 0.3359375 0.0078125 0.01015625
0 0.46171875 0.31640625 0.00703125 0.01328125
0 0.478125 0.3 0.0078125 0.0109375
0 0.4921875 0.29140625 0.00703125 0.0109375
0 0.51328125 0.29453125 0.00703125 0.0109375
0 0.52421875 0.31953125 0.00625 0.01015625
0 0.52421875 0.296875 0.00703125 0.01171875
0 0.54609375 0.3125 0.0078125 0.01015625
0 0.571875 0.35 0.0078125 0.0109375
0 0.5953125 0.36484375 0.00859375 0.0125
0 0.615625 0.4640625 0.00703125 0.0109375
0 0.63203125 0.465625 0.00703125 0.01015625
0 0.61015625 0.471875 0.0078125 0.009375
0 0.61796875 0.50078125 0.00625 0.01015625
0 0.60703125 0.509375 0.00859375 0.01015625
0 0.59375 0.48671875 0.00703125 0.0109375
0 0.58515625 0.53515625 0.00859375 0.01171875
0 0.63359375 0.48671875 0.00703125 0.0109375
0 0.615625 0.51796875 0.00625 0.009375
0 0.65703125 0.5046875 0.0078125 0.01171875
0 0.6734375 0.546875 0.009375 0.01328125
0 0.6625 0.59453125 0.00859375 0.01171875
0 0.63359375 0.58984375 0.0078125 0.00703125
0 0.61640625 0.5828125 0.00703125 0.0078125
0 0.70390625 0.56171875 0.0078125 0.0125
0 0.69375 0.53203125 0.0078125 0.01328125
0 0.71328125 0.50625 0.00625 0.0109375
0 0.72734375 0.50859375 0.00703125 0.01328125
0 0.73046875 0.49765625 0.0078125 0.01015625
0 0.74140625 0.52109375 0.00703125 0.0125
0 0.74921875 0.52421875 0.0078125 0.01171875
0 0.759375 0.55 0.0078125 0.01171875
0 0.75703125 0.57734375 0.00625 0.01015625
0 0.73046875 0.58125 0.00859375 0.0109375
0 0.7765625 0.540625 0.00625 0.009375
0 0.775 0.5546875 0.00546875 0.00859375
0 0.77890625 0.565625 0.00703125 0.00625
0 0.78359375 0.57109375 0.0078125 0.01328125
0 0.7890625 0.59765625 0.009375 0.01484375
0 0.79921875 0.62578125 0.00546875 0.0125
0 0.7953125 0.61875 0.00625 0.0125