0 0.42109375 0.578125 0.00703125 0.009375
0 0.428125 0.5609375 0.0078125 0.0109375
0 0.41796875 0.53671875 0.0078125 0.01015625
0 0.39609375 0.52734375 0.009375 0.0109375
0 0.38671875 0.54453125 0.00625 0.0078125
0 0.3796875 0.52578125 0.0078125 0.009375
0 0.37421875 0.53359375 0.00625 0.00859375
0 0.37109375 0.5140625 0.0078125 0.01015625
0 0.34609375 0.546875 0.0078125 0.009375
0 0.33125 0.53515625 0.00625 0.01015625
0 0.3359375 0.478125 0.009375 0.0109375
0 0.36171875 0.4703125 0.00546875 0.009375
0 0.375 0.48046875 0.00546875 0.00859375
0 0.371875 0.4640625 0.00625 0.0109375
0 0.38125 0.44296875 0.00625 0.0078125
0 0.390625 0.4546875 0.00703125 0.00859375
0 0.4109375 0.4375 0.0078125 0.0109375
0 0.40390625 0.41484375 0.0078125 0.0125
0 0.4265625 0.39375 0.00703125 0.00859375
0 0.41484375 0.3828125 0.00625 0.009375
0 0.42265625 0.36640625 0.009375 0.00703125
0 0.47421875 0.3578125 0.0078125 0.0109375
0 0.484375 0.35234375 0.00546875 0.00703125
0 0.5109375 0.35859375 0.0046875 0.00625
0 0.5234375 0.36171875 0.00546875 0.009375
0 0.5328125 0.37421875 0.00625 0.01015625
0 0.5203125 0.384375 0.0078125 0.0078125
0 0.5046875 0.39375 0.0078125 0.00859375
0 0.5046875 0.42265625 0.00625 0.009375
0 0.51640625 0.45703125 0.0078125 0.009375
0 0.54140625 0.475 0.0078125 0.0109375
0 0.5515625 0.47265625 0.00625 0.009375
0 0.5578125 0.43984375 0.00703125 0.0109375
0 0.54453125 0.40234375 0.00546875 0.01015625
0 0.4546875 0.3453125 0.0078125 0.01015625
0 0.45703125 0.32109375 0.0078125 0.01171875
0 0.4703125 0.30078125 0.00859375 0.01171875
0 0.49609375 0.28828125 0.0078125 0.0125
0 0.52421875 0.28984375 0.00703125 0.009375
0 0.52890625 0.31328125 0.00625 0.00859375
0 0.5265625 0.29609375 0.00703125 0.01015625
0 0.53984375 0.29765625 0.0078125 0.0109375
0 0.5484375 0.32890625 0.00703125 0.01015625
0 0.55546875 0.31875 0.00625 0.009375
0 0.58125 0.35078125 0.00625 0.009375
0 0.5671875 0.37265625 0.00703125 0.0109375
0 0.6 0.3703125 0.00546875 0.00703125
0 0.5953125 0.38203125 0.0078125 0.0109375
0 0.56484375 0.40625 0.0078125 0.01015625
0 0.55625 0.41171875 0.0078125 0.009375
0 0.56484375 0.425 0.00546875 0.00859375
0 0.5765625 0.44375 0.00703125 0.01171875
0 0.5796875 0.3875 0.009375 0.0140625
0 0.6109375 0.41015625 0.00703125 0.0125
0 0.62421875 0.42734375 0.0078125 0.01171875
0 0.6203125 0.4609375 0.00703125 0.01171875
0 0.59609375 0.43671875 0.00625 0.01015625
0 0.59453125 0.48046875 0.00703125 0.00859375
0 0.59296875 0.49296875 0.00703125 0.009375
0 0.60625 0.51328125 0.00625 0.01015625
0 0.61640625 0.5046875 0.00859375 0.00859375
0 0.6140625 0.48984375 0.00703125 0.00859375
0 0.6109375 0.4703125 0.00546875 0.009375
0 0.63359375 0.47890625 0.00703125 0.0109375
0 0.5859375 0.52109375 0.0078125 0.0125
0 0.62578125 0.49140625 0.0078125 0.01171875
0 0.6546875 0.50703125 0.00703125 0.01015625
0 0.67265625 0.54375 0.00625 0.009375
0 0.6578125 0.59609375 0.00625 0.01171875
0 0.63125 0.59296875 0.00703125 0.01015625
0 0.61484375 0.58359375 0.00625 0.0078125
0 0.69375 0.53828125 0.00859375 0.01015625
0 0.7046875 0.5171875 0.0046875 0.00546875
0 0.71171875 0.50234375 0.009375 0.01328125
0 0.73359375 0.4890625 0.00703125 0.01171875
0 0.7515625 0.515625 0.0078125 0.0109375
0 0.703125 0.58671875 0.00703125 0.01171875
0 0.73984375 0.6046875 0.0078125 0.01015625
0 0.759375 0.615625 0.00546875 0.0078125
0 0.76875 0.57890625 0.00546875 0.009375
0 0.7609375 0.5484375 0.00625 0.009375
0 0.75546875 0.56953125 0.00703125 0.009375
0 0.775 0.53984375 0.0078125 0.0078125
0 0.77421875 0.55390625 0.00859375 0.0109375
0 0.778125 0.565625 0.00546875 0.00546875
0 0.78203125 0.57265625 0.0078125 0.0109375
0 0.7890625 0.59921875 0.00859375 0.0140625
0 0.796875 0.6203125 0.00859375 0.01484375