0 0.3515625 0.55625 0.00703125 0.01015625
0 0.3671875 0.56875 0.00625 0.00859375
0 0.38203125 0.5875 0.00625 0.0125
0 0.3734375 0.5359375 0.00703125 0.009375
0 0.390625 0.53359375 0.00546875 0.00859375
0 0.41796875 0.54453125 0.00625 0.00859375
0 0.41953125 0.5953125 0.00546875 0.009375
0 0.4109375 0.5984375 0.0078125 0.0109375
0 0.34375 0.50703125 0.00625 0.009375
0 0.334375 0.503125 0.00546875 0.0078125
0 0.3375 0.47265625 0.0046875 0.0078125
0 0.36171875 0.45078125 0.00703125 0.009375
0 0.38046875 0.4984375 0.00625 0.01015625
0 0.38046875 0.48203125 0.00546875 0.0078125
0 0.38203125 0.4625 0.00546875 0.0078125
0 0.39296875 0.4390625 0.00625 0.00859375
0 0.4015625 0.428125 0.00625 0.0078125
0 0.40078125 0.40703125 0.00546875 0.0078125
0 0.4109375 0.4046875 0.00546875 0.0078125
0 0.5109375 0.42890625 0.00546875 0.01015625
0 0.51640625 0.4703125 0.00546875 0.009375
0 0.51015625 0.39453125 0.00546875 0.0078125
0 0.52421875 0.38515625 0.00546875 0.0078125
0 0.546875 0.40390625 0.0046875 0.00859375
0 0.55703125 0.4390625 0.0078125 0.01015625
0 0.55 0.48203125 0.00625 0.00859375
0 0.53984375 0.49140625 0.00625 0.009375
0 0.484375 0.36640625 0.00625 0.00859375
0 0.48984375 0.35546875 0.00546875 0.00859375
0 0.50859375 0.36328125 0.00546875 0.0078125
0 0.525 0.365625 0.00546875 0.01015625
0 0.53359375 0.3765625 0.00546875 0.00859375
0 0.4625 0.33125 0.00625 0.0078125
0 0.465625 0.31328125 0.00625 0.00859375
0 0.47734375 0.30234375 0.00703125 0.0078125
0 0.5 0.30625 0.00625 0.00703125
0 0.5265625 0.29765625 0.00625 0.0078125
0 0.5359375 0.31953125 0.00546875 0.01015625
0 0.53125 0.29453125 0.00546875 0.009375
0 0.55546875 0.315625 0.00625 0.009375
0 0.57421875 0.35390625 0.00625 0.01015625
0 0.59375 0.375 0.00703125 0.01171875
0 0.56875 0.38359375 0.0078125 0.009375
0 0.56484375 0.40546875 0.00625 0.009375
0 0.553125 0.41953125 0.00703125 0.0109375
0 0.5765625 0.44921875 0.0078125 0.01171875
0 0.58359375 0.38359375 0.00546875 0.00859375
0 0.59296875 0.39296875 0.00546875 0.009375
0 0.60546875 0.425 0.00625 0.01015625
0 0.5953125 0.484375 0.00625 0.009375
0 0.60859375 0.4875 0.00625 0.00859375
0 0.6171875 0.47734375 0.00625 0.009375
0 0.61484375 0.4625 0.00546875 0.00859375
0 0.63125 0.46484375 0.00625 0.00859375
0 0.62265625 0.440625 0.00546875 0.00859375
0 0.59296875 0.49765625 0.00625 0.009375
0 0.60390625 0.51328125 0.00703125 0.009375
0 0.58515625 0.53671875 0.00703125 0.00859375
0 0.6203125 0.49453125 0.00546875 0.009375
0 0.6359375 0.4828125 0.00546875 0.00859375
0 0.65859375 0.49921875 0.00546875 0.00859375
0 0.67265625 0.5375 0.00625 0.0109375
0 0.66796875 0.5859375 0.00625 0.01171875
0 0.6421875 0.5921875 0.00703125 0.00859375
0 0.62109375 0.5875 0.00703125 0.009375
0 0.70546875 0.5296875 0.00625 0.01171875
0 0.715625 0.54609375 0.00546875 0.009375
0 0.7171875 0.5171875 0.00625 0.01015625
0 0.73671875 0.50625 0.00625 0.01015625
0 0.7546875 0.53125 0.00625 0.00859375
0 0.75859375 0.5703125 0.00625 0.0109375
0 0.7515625 0.58828125 0.00546875 0.009375
0 0.73359375 0.5828125 0.00625 0.009375
0 0.73046875 0.6140625 0.00625 0.009375
0 0.7765625 0.55078125 0.00546875 0.01015625
0 0.77734375 0.578125 0.00546875 0.01015625
0 0.7875 0.58046875 0.00625 0.009375
0 0.78515625 0.6109375 0.0046875 0.00859375
0 0.79375 0.60625 0.0046875 0.009375
0 0.7890625 0.61640625 0.00703125 0.01015625
0 0.7953125 0.62890625 0.0046875 0.0078125
0 0.79765625 0.63359375 0.00546875 0.01015625