0 0.4 0.59921875 0.00703125 0.01640625
0 0.41171875 0.6234375 0.00859375 0.0125
0 0.42734375 0.62109375 0.00625 0.0140625
0 0.41953125 0.5640625 0.0078125 0.015625
0 0.4015625 0.5296875 0.00703125 0.01484375
0 0.38828125 0.53203125 0.0078125 0.0125
0 0.39140625 0.47734375 0.0078125 0.0125
0 0.3984375 0.50859375 0.0078125 0.0140625
0 0.40078125 0.45390625 0.009375 0.01328125
0 0.40703125 0.41640625 0.00859375 0.0125
0 0.36640625 0.5515625 0.0078125 0.0140625
0 0.4625 0.378125 0.00859375 0.01328125
0 0.46171875 0.353125 0.00859375 0.01171875
0 0.475 0.325 0.00859375 0.01171875
0 0.49375 0.31015625 0.00703125 0.0109375
0 0.5125 0.303125 0.00625 0.0125
0 0.5203125 0.3265625 0.0078125 0.015625
0 0.484375 0.3875 0.00859375 0.0140625
0 0.515625 0.36484375 0.00859375 0.01015625
0 0.51953125 0.35703125 0.00625 0.009375
0 0.53203125 0.35859375 0.00625 0.01015625
0 0.515625 0.3890625 0.00703125 0.0109375
0 0.503125 0.40234375 0.0078125 0.01171875
0 0.5046875 0.425 0.00703125 0.0109375
0 0.51328125 0.4703125 0.00703125 0.0140625
0 0.534375 0.4875 0.009375 0.0125
0 0.5625 0.37578125 0.00859375 0.01484375
0 0.559375 0.38671875 0.00703125 0.01171875
0 0.540625 0.40625 0.00859375 0.0140625
0 0.553125 0.434375 0.00703125 0.01328125
0 0.56171875 0.46171875 0.00859375 0.01171875
0 0.58203125 0.384375 0.00703125 0.0078125
0 0.57890625 0.39609375 0.00859375 0.0109375
0 0.5828125 0.41171875 0.00703125 0.00859375
0 0.57421875 0.40234375 0.00546875 0.009375
0 0.56328125 0.40703125 0.0078125 0.00859375
0 0.60078125 0.4734375 0.0078125 0.0171875
0 0.59375 0.43125 0.0078125 0.0140625
0 0.57734375 0.49375 0.01015625 0.01171875
0 0.6046875 0.51796875 0.00859375 0.01484375
0 0.60625 0.4921875 0.00625 0.01171875
0 0.61953125 0.48046875 0.0078125 0.0140625
0 0.6375 0.4890625 0.0078125 0.015625
0 0.653125 0.52421875 0.01171875 0.01484375
0 0.65546875 0.565625 0.00859375 0.01953125
0 0.63984375 0.58984375 0.0109375 0.0140625
0 0.61328125 0.58359375 0.0078125 0.0109375
0 0.6875 0.58828125 0.0078125 0.01328125
0 0.696875 0.5921875 0.00703125 0.0125
0 0.6953125 0.5453125 0.0078125 0.01328125
0 0.70625 0.52734375 0.00703125 0.0125
0 0.7234375 0.521875 0.00703125 0.01015625
0 0.7390625 0.55234375 0.0078125 0.01171875
0 0.74453125 0.584375 0.00703125 0.01328125
0 0.73359375 0.6046875 0.0078125 0.0140625
0 0.76484375 0.55234375 0.00703125 0.0125
0 0.76640625 0.57109375 0.0078125 0.0125
0 0.7765625 0.5828125 0.00625 0.01171875
0 0.7796875 0.61015625 0.00703125 0.01171875
0 0.78671875 0.6296875 0.00703125 0.01015625