0 0.4140625 0.55078125 0.00859375 0.01171875
0 0.4203125 0.603125 0.00546875 0.0125
0 0.41015625 0.60546875 0.00703125 0.0125
0 0.38046875 0.6078125 0.00625 0.0125
0 0.36796875 0.58671875 0.00703125 0.0125
0 0.34921875 0.56640625 0.00703125 0.0140625
0 0.371875 0.53828125 0.0078125 0.01484375
0 0.3875 0.534375 0.00859375 0.0140625
0 0.3375 0.54609375 0.00546875 0.01015625
0 0.34375 0.55859375 0.00625 0.01015625
0 0.33359375 0.50859375 0.009375 0.015625
0 0.35078125 0.49921875 0.00703125 0.009375
0 0.3875 0.50234375 0.0078125 0.0171875
0 0.38671875 0.47265625 0.0078125 0.0140625
0 0.3953125 0.4453125 0.00703125 0.015625
0 0.40546875 0.40859375 0.00859375 0.015625
0 0.41640625 0.41328125 0.0078125 0.0125
0 0.5109375 0.46953125 0.0078125 0.01171875
0 0.50390625 0.42734375 0.00703125 0.01328125
0 0.50703125 0.3984375 0.00625 0.0125
0 0.51953125 0.39140625 0.0078125 0.0125
0 0.54453125 0.4046875 0.00859375 0.01640625
0 0.55625 0.43671875 0.0078125 0.01484375
0 0.55078125 0.47734375 0.0078125 0.01328125
0 0.5359375 0.4859375 0.0078125 0.01328125
0 0.4859375 0.371875 0.00859375 0.01171875
0 0.5140625 0.37265625 0.00546875 0.01015625
0 0.52578125 0.3703125 0.00625 0.0125
0 0.53671875 0.3765625 0.00625 0.0125
0 0.4640625 0.3390625 0.00859375 0.01328125
0 0.465625 0.31875 0.0078125 0.0140625
0 0.48125 0.30390625 0.009375 0.0140625
0 0.50390625 0.29375 0.00703125 0.015625
0 0.5265625 0.2984375 0.0078125 0.01328125
0 0.5328125 0.32421875 0.00625 0.01171875
0 0.53671875 0.3078125 0.00625 0.0109375
0 0.55859375 0.32265625 0.00703125 0.0125
0 0.57890625 0.359375 0.00859375 0.0140625
0 0.59296875 0.38125 0.00859375 0.015625
0 0.56015625 0.3984375 0.00703125 0.01171875
0 0.56796875 0.38359375 0.0078125 0.0140625
0 0.58046875 0.39140625 0.00625 0.00859375
0 0.59140625 0.40234375 0.00625 0.01015625
0 0.56875 0.41015625 0.00546875 0.01015625
0 0.55859375 0.41484375 0.00546875 0.009375
0 0.57578125 0.44921875 0.00546875 0.0125
0 0.5984375 0.4296875 0.00703125 0.0109375
0 0.6171875 0.4328125 0.00703125 0.0140625
0 0.61015625 0.465625 0.0078125 0.015625
0 0.59296875 0.48125 0.0078125 0.01484375
0 0.609375 0.4890625 0.00625 0.01171875
0 0.625 0.47109375 0.00625 0.0140625
0 0.63046875 0.484375 0.00625 0.0140625
0 0.58046875 0.53125 0.00703125 0.0125
0 0.584375 0.50703125 0.00703125 0.01328125
0 0.59765625 0.51953125 0.00625 0.01171875
0 0.61015625 0.503125 0.00546875 0.0109375
0 0.615625 0.5046875 0.00859375 0.0125
0 0.6546875 0.49609375 0.00859375 0.015625
0 0.66875 0.5359375 0.009375 0.0171875
0 0.66484375 0.5859375 0.0078125 0.0171875
0 0.6375 0.5921875 0.00859375 0.00703125
0 0.61796875 0.5828125 0.00703125 0.00703125
0 0.6859375 0.59296875 0.00625 0.01015625
0 0.696875 0.578125 0.00703125 0.009375
0 0.7015625 0.59609375 0.0046875 0.00859375
0 0.70625 0.5296875 0.00703125 0.01484375
0 0.7171875 0.51640625 0.00625 0.0140625
0 0.73515625 0.50703125 0.00859375 0.01484375
0 0.7515625 0.534375 0.00703125 0.01328125
0 0.75703125 0.5703125 0.00625 0.01328125
0 0.74765625 0.58828125 0.00625 0.01328125
0 0.77578125 0.5546875 0.00703125 0.0109375
0 0.7734375 0.58125 0.00625 0.01328125
0 0.78515625 0.584375 0.0078125 0.0140625
0 0.7875 0.61015625 0.00546875 0.0109375
0 0.77890625 0.61875 0.00390625 0.01015625
0 0.78671875 0.6421875 0.00546875 0.01171875
0 0.79296875 0.6328125 0.00390625 0.009375