0 0.42265625 0.57578125 0.0078125 0.0125
0 0.42890625 0.56484375 0.00703125 0.01171875
0 0.4203125 0.53515625 0.00703125 0.01171875
0 0.4015625 0.51640625 0.00859375 0.01328125
0 0.38125 0.52109375 0.00625 0.009375
0 0.37109375 0.5125 0.0078125 0.009375
0 0.34609375 0.54609375 0.00703125 0.0125
0 0.33359375 0.53203125 0.00625 0.01171875
0 0.33359375 0.4796875 0.0078125 0.01328125
0 0.3640625 0.46953125 0.0078125 0.01015625
0 0.3578125 0.49140625 0.0046875 0.00859375
0 0.37421875 0.48046875 0.00546875 0.0078125
0 0.3703125 0.46953125 0.00703125 0.01171875
0 0.37890625 0.45 0.0078125 0.01171875
0 0.38828125 0.4546875 0.00625 0.00859375
0 0.4015625 0.41640625 0.01015625 0.0140625
0 0.41171875 0.43515625 0.0078125 0.0125
0 0.42421875 0.36796875 0.0078125 0.00859375
0 0.4171875 0.3796875 0.0078125 0.0109375
0 0.4265625 0.39453125 0.00703125 0.01484375
0 0.50625 0.42265625 0.00859375 0.0140625
0 0.5171875 0.4578125 0.0078125 0.0140625
0 0.54296875 0.47890625 0.0078125 0.01171875
0 0.5546875 0.4796875 0.00703125 0.01171875
0 0.559375 0.4390625 0.0078125 0.01171875
0 0.546875 0.4 0.0078125 0.01484375
0 0.53515625 0.37109375 0.00546875 0.00859375
0 0.5234375 0.36015625 0.00625 0.01015625
0 0.5140625 0.359375 0.0078125 0.0078125
0 0.5046875 0.38984375 0.00625 0.0109375
0 0.5203125 0.38203125 0.00546875 0.01015625
0 0.53828125 0.38203125 0.0046875 0.00703125
0 0.475 0.3546875 0.00703125 0.00859375
0 0.4765625 0.3859375 0.00625 0.00859375
0 0.48671875 0.35546875 0.0046875 0.0078125
0 0.45546875 0.34375 0.00703125 0.01328125
0 0.4578125 0.31953125 0.0078125 0.0125
0 0.47421875 0.3015625 0.009375 0.0125
0 0.4984375 0.28984375 0.009375 0.01484375
0 0.5265625 0.2921875 0.0078125 0.01015625
0 0.53125 0.31640625 0.0078125 0.0109375
0 0.528125 0.29453125 0.00703125 0.01015625
0 0.55234375 0.32265625 0.00546875 0.01015625
0 0.55625 0.31796875 0.00625 0.0109375
0 0.58125 0.35 0.00625 0.00859375
0 0.57421875 0.34140625 0.00390625 0.00703125
0 0.6015625 0.37265625 0.00546875 0.01015625
0 0.59765625 0.3828125 0.00625 0.0109375
0 0.56796875 0.3734375 0.00625 0.0078125
0 0.56328125 0.40625 0.00625 0.00859375
0 0.55703125 0.4078125 0.0046875 0.009375
0 0.56640625 0.4265625 0.00703125 0.01015625
0 0.5765625 0.44453125 0.00625 0.00859375
0 0.59765625 0.4828125 0.00625 0.00859375
0 0.6140625 0.49375 0.00625 0.009375
0 0.6375 0.47890625 0.0078125 0.0109375
0 0.61953125 0.46640625 0.00703125 0.00859375
0 0.621875 0.46015625 0.00703125 0.0078125
0 0.62734375 0.4296875 0.00703125 0.01484375
0 0.6125 0.409375 0.00703125 0.01328125
0 0.5875 0.38046875 0.0078125 0.0109375
0 0.58828125 0.52265625 0.00703125 0.009375
0 0.59453125 0.49375 0.00703125 0.0125
0 0.60859375 0.509375 0.00703125 0.009375
0 0.61875 0.50703125 0.00625 0.01015625
0 0.55390625 0.428125 0.00625 0.00859375
0 0.6046875 0.5140625 0.00625 0.0109375
0 0.61015625 0.525 0.00625 0.0078125
0 0.6265625 0.49140625 0.00703125 0.01015625
0 0.65546875 0.5046875 0.00703125 0.01328125
0 0.6734375 0.5421875 0.00859375 0.0125
0 0.66328125 0.59765625 0.0078125 0.01171875
0 0.6328125 0.59140625 0.00859375 0.00859375
0 0.615625 0.584375 0.0078125 0.00859375
0 0.7015625 0.5875 0.0078125 0.0125
0 0.69140625 0.53828125 0.00703125 0.0109375
0 0.7125 0.49921875 0.0078125 0.01171875
0 0.715625 0.503125 0.00703125 0.0109375
0 0.734375 0.4890625 0.00859375 0.0125
0 0.7546875 0.51171875 0.00703125 0.009375
0 0.75078125 0.52734375 0.00625 0.0078125
0 0.7625 0.5484375 0.00625 0.009375
0 0.76875 0.58046875 0.00625 0.009375
0 0.7609375 0.615625 0.0078125 0.0109375
0 0.7390625 0.6125 0.0078125 0.0109375
0 0.77578125 0.54140625 0.00546875 0.0109375
0 0.77578125 0.55546875 0.00703125 0.01015625
0 0.77890625 0.56875 0.0046875 0.009375
0 0.78125 0.57421875 0.00625 0.0109375
0 0.78984375 0.5984375 0.00703125 0.0125
0 0.7984375 0.6234375 0.00703125 0.01171875