0 0.42109375 0.58359375 0.00703125 0.009375
0 0.43125 0.578125 0.00703125 0.0078125
0 0.41796875 0.5515625 0.00703125 0.0109375
0 0.39609375 0.5515625 0.00703125 0.0078125
0 0.39609375 0.53359375 0.00703125 0.00859375
0 0.38515625 0.52734375 0.0078125 0.00859375
0 0.36796875 0.5171875 0.009375 0.0109375
0 0.36171875 0.54140625 0.00625 0.01015625
0 0.3296875 0.52890625 0.00703125 0.00859375
0 0.33359375 0.4828125 0.0078125 0.01171875
0 0.35390625 0.46484375 0.00625 0.009375
0 0.35078125 0.4890625 0.0078125 0.0109375
0 0.37578125 0.48359375 0.00859375 0.01015625
0 0.38203125 0.45390625 0.00703125 0.009375
0 0.3984375 0.43671875 0.0078125 0.01015625
0 0.40546875 0.428125 0.00625 0.0078125
0 0.4171875 0.403125 0.00625 0.009375
0 0.50390625 0.42734375 0.00546875 0.00859375
0 0.51484375 0.4625 0.00546875 0.0078125
0 0.5390625 0.48671875 0.00703125 0.009375
0 0.50625 0.39296875 0.00546875 0.009375
0 0.52109375 0.38984375 0.00703125 0.01171875
0 0.5125 0.36328125 0.0046875 0.00859375
0 0.52109375 0.37109375 0.00546875 0.0078125
0 0.534375 0.3765625 0.00625 0.0078125
0 0.54296875 0.40234375 0.00703125 0.00859375
0 0.55546875 0.43984375 0.00859375 0.0125
0 0.54921875 0.4703125 0.00625 0.01015625
0 0.54375 0.4265625 0.00703125 0.01015625
0 0.55546875 0.42421875 0.00625 0.0078125
0 0.5546875 0.396875 0.00546875 0.00625
0 0.55859375 0.415625 0.00625 0.01171875
0 0.5640625 0.4046875 0.00625 0.0078125
0 0.56484375 0.37890625 0.00625 0.01015625
0 0.5796875 0.3828125 0.00546875 0.009375
0 0.5890625 0.384375 0.00703125 0.0109375
0 0.575 0.4390625 0.00703125 0.009375
0 0.6046875 0.4140625 0.00703125 0.01015625
0 0.60859375 0.44296875 0.00390625 0.0078125
0 0.59296875 0.4375 0.00625 0.01171875
0 0.57109375 0.34921875 0.0078125 0.0109375
0 0.59453125 0.3703125 0.00703125 0.009375
0 0.5484375 0.3171875 0.00625 0.00859375
0 0.52890625 0.29765625 0.01015625 0.009375
0 0.52109375 0.296875 0.00703125 0.01015625
0 0.49609375 0.2953125 0.00625 0.01171875
0 0.52734375 0.32109375 0.00703125 0.009375
0 0.4765625 0.30703125 0.00703125 0.00859375
0 0.46015625 0.3234375 0.00703125 0.009375
0 0.459375 0.3421875 0.00703125 0.00859375
0 0.48203125 0.35625 0.00625 0.00859375
0 0.63125 0.46796875 0.00625 0.01015625
0 0.61171875 0.47109375 0.00703125 0.0125
0 0.609375 0.4828125 0.00859375 0.00859375
0 0.59140625 0.4765625 0.00703125 0.01015625
0 0.5953125 0.4875 0.00625 0.00859375
0 0.6078125 0.50859375 0.00703125 0.009375
0 0.615625 0.50078125 0.0078125 0.009375
0 0.58359375 0.53671875 0.00703125 0.009375
0 0.6328125 0.49296875 0.00546875 0.01015625
0 0.61171875 0.51484375 0.0078125 0.01015625
0 0.653125 0.50859375 0.00703125 0.01171875
0 0.66953125 0.55234375 0.0078125 0.01171875
0 0.66015625 0.59765625 0.00703125 0.01015625
0 0.63046875 0.590625 0.0078125 0.01015625
0 0.61484375 0.5859375 0.00625 0.01015625
0 0.70390625 0.56484375 0.00625 0.009375
0 0.69296875 0.5328125 0.00703125 0.01015625
0 0.70078125 0.5234375 0.00546875 0.0078125
0 0.71171875 0.509375 0.00625 0.009375
0 0.728125 0.49921875 0.00625 0.00859375
0 0.73984375 0.5265625 0.00546875 0.0078125
0 0.74609375 0.521875 0.00546875 0.0109375
0 0.75703125 0.5546875 0.00625 0.0109375
0 0.74921875 0.571875 0.00546875 0.0078125
0 0.75625 0.58203125 0.0046875 0.00859375
0 0.73203125 0.57734375 0.00546875 0.01015625
0 0.77265625 0.54140625 0.00703125 0.009375
0 0.77265625 0.5515625 0.00703125 0.0078125
0 0.775 0.5671875 0.0046875 0.00625
0 0.7796875 0.571875 0.00625 0.00859375
0 0.78828125 0.5984375 0.00625 0.01171875
0 0.79609375 0.6265625 0.00546875 0.0109375
0 0.7921875 0.6203125 0.00625 0.01015625