0 0.3640625 0.6046875 0.01171875 0.01484375
0 0.38203125 0.61484375 0.00859375 0.01484375
0 0.34765625 0.57578125 0.009375 0.0140625
0 0.3703125 0.540625 0.00859375 0.015625
0 0.384375 0.5359375 0.00859375 0.0171875
0 0.4109375 0.55078125 0.01171875 0.01328125
0 0.4203125 0.59375 0.00859375 0.015625
0 0.39296875 0.50859375 0.009375 0.01640625
0 0.3890625 0.47109375 0.00859375 0.0140625
0 0.3984375 0.44921875 0.00859375 0.01796875
0 0.40625 0.4140625 0.0109375 0.01640625
0 0.41796875 0.415625 0.00703125 0.0109375
0 0.51171875 0.4671875 0.009375 0.01640625
0 0.534375 0.48359375 0.00859375 0.01328125
0 0.50390625 0.3984375 0.00625 0.0109375
0 0.51015625 0.42734375 0.00703125 0.0109375
0 0.48671875 0.37890625 0.00859375 0.01171875
0 0.4625 0.346875 0.00859375 0.0125
0 0.46640625 0.325 0.00859375 0.0140625
0 0.50078125 0.29921875 0.00859375 0.01328125
0 0.52265625 0.3 0.0078125 0.01171875
0 0.5296875 0.321875 0.0078125 0.01171875
0 0.53046875 0.33125 0.01171875 0.0140625
0 0.55 0.33515625 0.0078125 0.015625
0 0.5453125 0.34609375 0.0078125 0.0125
0 0.5703125 0.36640625 0.00859375 0.01171875
0 0.58515625 0.37890625 0.009375 0.01171875
0 0.56484375 0.3921875 0.00703125 0.0109375
0 0.57578125 0.39453125 0.00625 0.01015625
0 0.56484375 0.41484375 0.0078125 0.0125
0 0.51953125 0.3875 0.0078125 0.0125
0 0.52890625 0.3765625 0.00703125 0.0125
0 0.54375 0.40546875 0.00703125 0.01171875
0 0.55390625 0.4375 0.0078125 0.01328125
0 0.59375 0.43046875 0.0078125 0.01484375
0 0.57578125 0.4421875 0.00859375 0.01328125
0 0.621875 0.45703125 0.00859375 0.01328125
0 0.60390625 0.46015625 0.00859375 0.01015625
0 0.5890625 0.46796875 0.0078125 0.01484375
0 0.60703125 0.48046875 0.009375 0.015625
0 0.58046875 0.49921875 0.0078125 0.01640625
0 0.5921875 0.51875 0.009375 0.0140625
0 0.609375 0.5171875 0.01171875 0.01640625
0 0.61484375 0.49609375 0.0078125 0.01171875
0 0.621875 0.50390625 0.00859375 0.01484375
0 0.6296875 0.48984375 0.0078125 0.01328125
0 0.6515625 0.50390625 0.00859375 0.01484375
0 0.6640625 0.5453125 0.00859375 0.015625
0 0.65625 0.58671875 0.00859375 0.0140625
0 0.63125 0.59140625 0.00546875 0.0125
0 0.61484375 0.58359375 0.00625 0.01328125
0 0.70546875 0.5359375 0.01015625 0.015625
0 0.7140625 0.5234375 0.01015625 0.01484375
0 0.73203125 0.51328125 0.01171875 0.01640625
0 0.75 0.54140625 0.00703125 0.0140625
0 0.75234375 0.58125 0.01015625 0.015625
0 0.7453125 0.59609375 0.01015625 0.015625
0 0.7703125 0.5609375 0.0078125 0.0125
0 0.7703125 0.5828125 0.01015625 0.0140625
0 0.7828125 0.5921875 0.00859375 0.0140625
0 0.78359375 0.61328125 0.00625 0.01015625
0 0.7875 0.640625 0.0078125 0.01328125