0 0.425 0.590625 0.00859375 0.01171875
0 0.4359375 0.5796875 0.0078125 0.01171875
0 0.39765625 0.53125 0.00703125 0.01171875
0 0.39765625 0.5453125 0.00859375 0.009375
0 0.38515625 0.5234375 0.00703125 0.01015625
0 0.37265625 0.503125 0.00625 0.01015625
0 0.36484375 0.55 0.0078125 0.01171875
0 0.34140625 0.53828125 0.0078125 0.0109375
0 0.32890625 0.5390625 0.00546875 0.01015625
0 0.3296875 0.48359375 0.00703125 0.009375
0 0.3546875 0.46328125 0.00546875 0.00703125
0 0.35234375 0.48203125 0.00625 0.0078125
0 0.371875 0.48125 0.00859375 0.0140625
0 0.38046875 0.453125 0.00859375 0.0125
0 0.3984375 0.43671875 0.00859375 0.01171875
0 0.403125 0.4265625 0.0078125 0.0125
0 0.4171875 0.3953125 0.009375 0.0125
0 0.4203125 0.38046875 0.0078125 0.0109375
0 0.42890625 0.36953125 0.0078125 0.01015625
0 0.4734375 0.35 0.00703125 0.0109375
0 0.4734375 0.38125 0.00546875 0.0109375
0 0.48671875 0.35234375 0.00703125 0.01015625
0 0.4546875 0.3390625 0.0078125 0.01015625
0 0.45625 0.31875 0.0078125 0.01015625
0 0.4734375 0.3 0.00859375 0.01171875
0 0.49765625 0.28828125 0.01015625 0.0140625
0 0.52421875 0.28984375 0.009375 0.01171875
0 0.525 0.29453125 0.00625 0.0125
0 0.53125 0.31796875 0.00859375 0.01171875
0 0.53671875 0.29921875 0.00703125 0.01015625
0 0.546875 0.3125 0.00703125 0.01171875
0 0.50703125 0.3546875 0.00625 0.0109375
0 0.5171875 0.36171875 0.00703125 0.01171875
0 0.528125 0.37109375 0.00703125 0.009375
0 0.5203125 0.378125 0.00625 0.01015625
0 0.50625 0.38828125 0.0078125 0.01015625
0 0.5078125 0.42109375 0.00703125 0.01171875
0 0.5171875 0.45859375 0.0078125 0.0125
0 0.54296875 0.4828125 0.00859375 0.0140625
0 0.5546875 0.4765625 0.0078125 0.0140625
0 0.56015625 0.43515625 0.0078125 0.01171875
0 0.54453125 0.39921875 0.00703125 0.0109375
0 0.56015625 0.390625 0.00703125 0.009375
0 0.54140625 0.41796875 0.00546875 0.009375
0 0.5640625 0.40625 0.0078125 0.01171875
0 0.559375 0.4125 0.00703125 0.0109375
0 0.565625 0.37109375 0.0078125 0.0109375
0 0.58359375 0.375 0.0078125 0.01171875
0 0.5984375 0.38203125 0.0078125 0.0125
0 0.6078125 0.41171875 0.0078125 0.01015625
0 0.62890625 0.43984375 0.0078125 0.0125
0 0.6203125 0.45859375 0.00546875 0.00859375
0 0.6234375 0.48125 0.00546875 0.0109375
0 0.6140625 0.49296875 0.00703125 0.009375
0 0.5953125 0.48203125 0.00859375 0.0140625
0 0.6078125 0.50625 0.00859375 0.0125
0 0.57421875 0.44453125 0.0078125 0.0125
0 0.57890625 0.34140625 0.00625 0.01015625
0 0.575 0.3484375 0.00625 0.009375
0 0.5984375 0.36640625 0.0078125 0.0109375
0 0.5890625 0.534375 0.00859375 0.01171875
0 0.6359375 0.48203125 0.00703125 0.01171875
0 0.66328125 0.50625 0.0078125 0.0125
0 0.67890625 0.54765625 0.0078125 0.01328125
0 0.66640625 0.6 0.009375 0.0140625
0 0.6359375 0.59140625 0.00703125 0.0109375
0 0.61875 0.58359375 0.00859375 0.0109375
0 0.7015625 0.56953125 0.0078125 0.0125
0 0.6890625 0.52734375 0.00703125 0.0109375
0 0.70234375 0.515625 0.00625 0.009375
0 0.70859375 0.49609375 0.0078125 0.0125
0 0.73046875 0.48671875 0.0078125 0.0109375
0 0.74765625 0.51953125 0.00859375 0.01484375
0 0.75234375 0.509375 0.00703125 0.0125
0 0.76015625 0.5453125 0.0078125 0.009375
0 0.7640625 0.553125 0.00859375 0.015625
0 0.76015625 0.5859375 0.00703125 0.01328125
0 0.734375 0.5875 0.00859375 0.015625
0 0.7765625 0.53828125 0.0078125 0.009375
0 0.77578125 0.546875 0.00703125 0.0125
0 0.784375 0.5703125 0.00703125 0.01328125
0 0.78046875 0.5640625 0.00625 0.0078125
0 0.79140625 0.59453125 0.00703125 0.01328125
0 0.80078125 0.6234375 0.00625 0.01171875
0 0.79765625 0.6171875 0.00546875 0.009375