0 0.42109375 0.584375 0.00703125 0.01015625
0 0.42890625 0.56953125 0.00703125 0.009375
0 0.42265625 0.53984375 0.00625 0.00859375
0 0.39453125 0.5296875 0.00703125 0.009375
0 0.36640625 0.5125 0.00703125 0.00859375
0 0.36875 0.553125 0.00703125 0.009375
0 0.34375 0.5390625 0.00703125 0.0109375
0 0.3296875 0.53515625 0.00625 0.009375
0 0.33359375 0.47421875 0.0078125 0.01171875
0 0.35859375 0.46484375 0.00859375 0.009375
0 0.35859375 0.4765625 0.00625 0.0109375
0 0.3703125 0.48203125 0.009375 0.0125
0 0.38125 0.4546875 0.00859375 0.0109375
0 0.3984375 0.4390625 0.0078125 0.00859375
0 0.40546875 0.41953125 0.00703125 0.01171875
0 0.41484375 0.39140625 0.00703125 0.00859375
0 0.4140625 0.40859375 0.00703125 0.01015625
0 0.47421875 0.3828125 0.0078125 0.009375
0 0.47421875 0.35625 0.0078125 0.01015625
0 0.4875 0.35546875 0.0046875 0.00625
0 0.45390625 0.3453125 0.009375 0.0109375
0 0.45546875 0.32421875 0.00859375 0.01015625
0 0.471875 0.3046875 0.00859375 0.01015625
0 0.49375 0.2890625 0.01015625 0.01328125
0 0.521875 0.28671875 0.0078125 0.00859375
0 0.5265625 0.29375 0.0078125 0.0109375
0 0.5296875 0.31171875 0.00703125 0.01015625
0 0.509375 0.35390625 0.00625 0.009375
0 0.51796875 0.359375 0.00703125 0.01015625
0 0.53125 0.365625 0.00703125 0.01171875
0 0.53984375 0.378125 0.0046875 0.0078125
0 0.54921875 0.3109375 0.00703125 0.0109375
0 0.5765625 0.35078125 0.0078125 0.01171875
0 0.58359375 0.3421875 0.00703125 0.009375
0 0.6015625 0.36171875 0.00625 0.0078125
0 0.6 0.371875 0.01015625 0.009375
0 0.58046875 0.375 0.00625 0.0109375
0 0.5734375 0.375 0.00546875 0.0078125
0 0.559375 0.3828125 0.00625 0.009375
0 0.5578125 0.3984375 0.0078125 0.01015625
0 0.54609375 0.39765625 0.0078125 0.01015625
0 0.52265625 0.37890625 0.0078125 0.00859375
0 0.509375 0.3890625 0.00859375 0.01015625
0 0.50703125 0.41875 0.00703125 0.01015625
0 0.51875 0.4546875 0.00703125 0.01171875
0 0.54375 0.478125 0.0078125 0.0109375
0 0.559375 0.4375 0.00859375 0.0125
0 0.55546875 0.47734375 0.00703125 0.00859375
0 0.5734375 0.43828125 0.0078125 0.01171875
0 0.59375 0.4703125 0.0078125 0.01015625
0 0.59296875 0.48359375 0.0078125 0.0109375
0 0.6125 0.475 0.00703125 0.01171875
0 0.6203125 0.446875 0.00703125 0.01015625
0 0.62734375 0.43046875 0.0078125 0.01015625
0 0.5953125 0.4296875 0.0078125 0.01015625
0 0.590625 0.52890625 0.009375 0.0125
0 0.609375 0.5046875 0.00703125 0.0109375
0 0.61875 0.49921875 0.00625 0.0109375
0 0.63203125 0.48203125 0.00546875 0.01015625
0 0.6359375 0.48125 0.00859375 0.015625
0 0.66484375 0.503125 0.0078125 0.01171875
0 0.6796875 0.540625 0.0078125 0.01171875
0 0.6703125 0.59609375 0.00859375 0.0125
0 0.6390625 0.59296875 0.00625 0.0109375
0 0.6203125 0.58359375 0.00703125 0.01015625
0 0.69453125 0.53828125 0.00703125 0.0125
0 0.70625 0.5828125 0.00625 0.01015625
0 0.70625 0.52109375 0.0046875 0.009375
0 0.71171875 0.4984375 0.0078125 0.01015625
0 0.71875 0.5015625 0.00390625 0.00703125
0 0.73203125 0.50078125 0.00625 0.0125
0 0.73515625 0.4890625 0.00625 0.01015625
0 0.753125 0.51953125 0.00703125 0.009375
0 0.75625 0.51171875 0.00546875 0.01015625
0 0.7625 0.55234375 0.00625 0.0109375
0 0.77265625 0.56953125 0.00546875 0.00703125
0 0.7640625 0.61328125 0.0078125 0.0109375
0 0.740625 0.6078125 0.00703125 0.01171875
0 0.778125 0.54453125 0.00703125 0.0125
0 0.77265625 0.5546875 0.00625 0.0125
0 0.78515625 0.5734375 0.0078125 0.01171875
0 0.7796875 0.56953125 0.0046875 0.00625
0 0.7921875 0.60078125 0.0078125 0.0109375
0 0.80078125 0.63046875 0.00625 0.0125
0 0.796875 0.625 0.00546875 0.009375