0 0.425 0.59375 0.0078125 0.0125
0 0.43515625 0.58359375 0.00703125 0.01171875
0 0.396875 0.52890625 0.00859375 0.009375
0 0.3984375 0.55 0.00703125 0.00859375
0 0.384375 0.51640625 0.00625 0.00859375
0 0.375 0.5046875 0.00859375 0.0109375
0 0.36484375 0.55 0.00625 0.01171875
0 0.34296875 0.5390625 0.0078125 0.01015625
0 0.32890625 0.5390625 0.00703125 0.01171875
0 0.33203125 0.49296875 0.01015625 0.0125
0 0.35625 0.4625 0.00859375 0.0125
0 0.353125 0.48359375 0.0078125 0.0109375
0 0.36953125 0.48828125 0.0078125 0.01171875
0 0.37734375 0.4546875 0.0078125 0.01171875
0 0.39140625 0.4375 0.0078125 0.01171875
0 0.40078125 0.42578125 0.00703125 0.00859375
0 0.41796875 0.3984375 0.0078125 0.0109375
0 0.4109375 0.39453125 0.00703125 0.00859375
0 0.51640625 0.45859375 0.0078125 0.0125
0 0.50546875 0.42109375 0.0078125 0.01171875
0 0.50546875 0.38984375 0.0078125 0.01171875
0 0.5203125 0.37890625 0.00703125 0.0109375
0 0.54453125 0.396875 0.0078125 0.01015625
0 0.55703125 0.4359375 0.0078125 0.01328125
0 0.55390625 0.47734375 0.00703125 0.01015625
0 0.54140625 0.48203125 0.00703125 0.0109375
0 0.559375 0.3921875 0.00703125 0.00859375
0 0.5421875 0.425 0.00625 0.009375
0 0.55703125 0.421875 0.009375 0.00859375
0 0.55859375 0.41328125 0.0078125 0.0125
0 0.56015625 0.4375 0.00625 0.00859375
0 0.47734375 0.3515625 0.00703125 0.01015625
0 0.4875 0.35546875 0.0046875 0.00703125
0 0.50859375 0.3578125 0.00625 0.00859375
0 0.5171875 0.3609375 0.00703125 0.0109375
0 0.52890625 0.36875 0.0078125 0.01171875
0 0.56796875 0.4015625 0.00703125 0.01171875
0 0.56953125 0.371875 0.009375 0.0109375
0 0.5640625 0.38046875 0.00703125 0.009375
0 0.5828125 0.37734375 0.0078125 0.01171875
0 0.59453125 0.37890625 0.0078125 0.009375
0 0.60703125 0.41328125 0.00703125 0.01171875
0 0.62578125 0.43125 0.0078125 0.0140625
0 0.58046875 0.44140625 0.00859375 0.0140625
0 0.59609375 0.47734375 0.00703125 0.009375
0 0.5921875 0.484375 0.00703125 0.01015625
0 0.6078125 0.50546875 0.00703125 0.0125
0 0.61875 0.49921875 0.00625 0.0078125
0 0.61328125 0.48671875 0.0078125 0.0109375
0 0.61640625 0.4578125 0.00546875 0.0109375
0 0.634375 0.475 0.0078125 0.0140625
0 0.4546875 0.33984375 0.0078125 0.01171875
0 0.45390625 0.31875 0.00859375 0.0125
0 0.47421875 0.3015625 0.01015625 0.0109375
0 0.496875 0.28671875 0.009375 0.01328125
0 0.5234375 0.2890625 0.0078125 0.01015625
0 0.52890625 0.29296875 0.00859375 0.01171875
0 0.53203125 0.31953125 0.00859375 0.01328125
0 0.55 0.309375 0.009375 0.01640625
0 0.57734375 0.34765625 0.00703125 0.0140625
0 0.571875 0.340625 0.00625 0.00625
0 0.59921875 0.3671875 0.0078125 0.0125
0 0.58828125 0.5296875 0.00859375 0.0109375
0 0.6125 0.5125 0.00859375 0.0125
0 0.6328125 0.48828125 0.00546875 0.01015625
0 0.6625 0.50234375 0.00859375 0.0140625
0 0.67734375 0.54375 0.0078125 0.01328125
0 0.66796875 0.59921875 0.00859375 0.009375
0 0.6359375 0.59140625 0.009375 0.0078125
0 0.61796875 0.5828125 0.0078125 0.0078125
0 0.70234375 0.57109375 0.009375 0.015625
0 0.6890625 0.53046875 0.00703125 0.0140625
0 0.7 0.51796875 0.00859375 0.0109375
0 0.71015625 0.49921875 0.01015625 0.015625
0 0.73046875 0.50234375 0.009375 0.01328125
0 0.73203125 0.49140625 0.009375 0.01171875
0 0.75390625 0.51640625 0.0078125 0.01328125
0 0.74453125 0.515625 0.00703125 0.0109375
0 0.7640625 0.553125 0.00703125 0.01171875
0 0.7609375 0.54609375 0.00703125 0.0109375
0 0.75546875 0.57109375 0.00625 0.01015625
0 0.7609375 0.5859375 0.00703125 0.01171875
0 0.73515625 0.58828125 0.00859375 0.01015625
0 0.77890625 0.53671875 0.009375 0.009375
0 0.77578125 0.55078125 0.00703125 0.009375
0 0.7859375 0.56875 0.00859375 0.0109375
0 0.77890625 0.5640625 0.00625 0.00859375
0 0.7921875 0.5953125 0.01015625 0.01484375
0 0.80234375 0.625 0.0078125 0.0125
0 0.7984375 0.61875 0.00625 0.009375