0 0.42421875 0.61875 0.00703125 0.01328125
0 0.41015625 0.6140625 0.00703125 0.0125
0 0.390625 0.615625 0.0078125 0.01328125
0 0.378125 0.59296875 0.00703125 0.0125
0 0.35859375 0.56484375 0.0078125 0.01328125
0 0.378125 0.54609375 0.0078125 0.0140625
0 0.39140625 0.52734375 0.00546875 0.01015625
0 0.40703125 0.56484375 0.0078125 0.01484375
0 0.340625 0.5546875 0.0078125 0.01328125
0 0.39453125 0.51875 0.00546875 0.0109375
0 0.3921875 0.478125 0.0078125 0.0140625
0 0.39765625 0.45390625 0.00625 0.0140625
0 0.40703125 0.41796875 0.00703125 0.01328125
0 0.41875 0.421875 0.00703125 0.01015625
0 0.5078125 0.46953125 0.0078125 0.01328125
0 0.50390625 0.42890625 0.00703125 0.0140625
0 0.503125 0.4 0.00625 0.01328125
0 0.515625 0.38359375 0.00703125 0.015625
0 0.54140625 0.4046875 0.00625 0.01015625
0 0.553125 0.43671875 0.0078125 0.0140625
0 0.53203125 0.48125 0.00703125 0.0125
0 0.55 0.475 0.00703125 0.01171875
0 0.48203125 0.37890625 0.00859375 0.01015625
0 0.4609375 0.371875 0.00703125 0.01328125
0 0.4640625 0.33984375 0.0078125 0.01328125
0 0.4734375 0.32109375 0.00859375 0.01328125
0 0.49375 0.30703125 0.0078125 0.01328125
0 0.5140625 0.3 0.00859375 0.01484375
0 0.5234375 0.3234375 0.0078125 0.01484375
0 0.52109375 0.3546875 0.00625 0.01171875
0 0.525 0.346875 0.00703125 0.0109375
0 0.53515625 0.35390625 0.00546875 0.01015625
0 0.53984375 0.35859375 0.00625 0.0109375
0 0.565625 0.3703125 0.00703125 0.0125
0 0.58515625 0.3859375 0.00703125 0.01328125
0 0.5640625 0.3875 0.00546875 0.00859375
0 0.56640625 0.4 0.00703125 0.01015625
0 0.57890625 0.4078125 0.00546875 0.00859375
0 0.5796875 0.39375 0.00390625 0.0078125
0 0.56640625 0.4328125 0.00703125 0.0109375
0 0.5671875 0.46328125 0.0078125 0.0109375
0 0.58125 0.49453125 0.00703125 0.0109375
0 0.5984375 0.503125 0.0078125 0.0125
0 0.60234375 0.48046875 0.0078125 0.0125
0 0.6015625 0.45625 0.00625 0.01171875
0 0.5859375 0.43359375 0.00390625 0.00546875
0 0.59375 0.4421875 0.0046875 0.009375
0 0.6 0.41953125 0.01171875 0.01875
0 0.56953125 0.50859375 0.00859375 0.0140625
0 0.584375 0.52109375 0.00859375 0.0140625
0 0.6078125 0.521875 0.00859375 0.01328125
0 0.62265625 0.4859375 0.00625 0.01171875
0 0.64296875 0.496875 0.0078125 0.0140625
0 0.6578125 0.53515625 0.009375 0.015625
0 0.653125 0.58046875 0.01015625 0.0171875
0 0.63046875 0.58828125 0.009375 0.01015625
0 0.6109375 0.5796875 0.00703125 0.0078125
0 0.68984375 0.59296875 0.00625 0.0109375
0 0.69453125 0.58828125 0.0046875 0.0109375
0 0.69921875 0.59453125 0.0046875 0.009375
0 0.6984375 0.54375 0.0078125 0.01328125
0 0.70859375 0.528125 0.00703125 0.0140625
0 0.7265625 0.5234375 0.009375 0.0140625
0 0.7421875 0.55078125 0.00703125 0.0140625
0 0.746875 0.584375 0.00703125 0.0140625
0 0.73671875 0.6046875 0.0078125 0.0140625
0 0.765625 0.553125 0.00859375 0.009375
0 0.76484375 0.5671875 0.00703125 0.009375
0 0.76328125 0.58046875 0.0078125 0.0125
0 0.7765625 0.5828125 0.00625 0.009375
0 0.7796875 0.60703125 0.00703125 0.01171875
0 0.7875 0.6296875 0.0046875 0.01171875
0 0.7828125 0.6234375 0.00390625 0.00859375