0 0.4171875 0.55 0.0078125 0.009375
0 0.42578125 0.5890625 0.0046875 0.009375
0 0.41875 0.59375 0.00703125 0.0109375
0 0.39140625 0.56953125 0.00625 0.01015625
0 0.3921875 0.5421875 0.00703125 0.0109375
0 0.36328125 0.52734375 0.00703125 0.01015625
0 0.3765625 0.53125 0.00546875 0.00859375
0 0.340625 0.5171875 0.00546875 0.0078125
0 0.33046875 0.52578125 0.00546875 0.00859375
0 0.33203125 0.48125 0.00625 0.009375
0 0.35703125 0.44921875 0.00625 0.00859375
0 0.37421875 0.490625 0.00625 0.009375
0 0.3796875 0.4578125 0.00703125 0.01015625
0 0.39375 0.43515625 0.00703125 0.00859375
0 0.403125 0.42578125 0.00703125 0.009375
0 0.4078125 0.40078125 0.00625 0.00859375
0 0.415625 0.403125 0.00546875 0.00859375
0 0.53671875 0.484375 0.0078125 0.01171875
0 0.51328125 0.4671875 0.00625 0.009375
0 0.50390625 0.4296875 0.00625 0.00859375
0 0.50546875 0.39453125 0.00546875 0.009375
0 0.521875 0.38203125 0.00625 0.0109375
0 0.51328125 0.3640625 0.00546875 0.01015625
0 0.525 0.37109375 0.00546875 0.009375
0 0.53671875 0.37734375 0.00546875 0.01015625
0 0.5453125 0.4015625 0.00546875 0.0109375
0 0.5578125 0.4375 0.00625 0.01171875
0 0.55234375 0.4796875 0.00625 0.009375
0 0.45859375 0.3359375 0.00546875 0.0078125
0 0.48359375 0.35234375 0.00703125 0.009375
0 0.459375 0.315625 0.00703125 0.009375
0 0.47734375 0.3015625 0.0078125 0.01015625
0 0.50078125 0.28515625 0.00703125 0.01328125
0 0.5265625 0.290625 0.00625 0.0109375
0 0.53359375 0.31953125 0.00625 0.01015625
0 0.53203125 0.30234375 0.00625 0.01015625
0 0.55 0.3078125 0.00546875 0.0109375
0 0.5765625 0.34765625 0.00625 0.01015625
0 0.59765625 0.36875 0.0078125 0.01171875
0 0.559375 0.3953125 0.00703125 0.00859375
0 0.5734375 0.37734375 0.00703125 0.0109375
0 0.5859375 0.384375 0.00546875 0.00859375
0 0.57265625 0.403125 0.00703125 0.01015625
0 0.58359375 0.44453125 0.00625 0.0109375
0 0.60703125 0.41953125 0.00703125 0.01015625
0 0.61953125 0.4296875 0.00703125 0.009375
0 0.5984375 0.48046875 0.00625 0.009375
0 0.60859375 0.475 0.00625 0.00859375
0 0.61328125 0.490625 0.00625 0.00859375
0 0.6171875 0.50390625 0.00625 0.009375
0 0.60625 0.51328125 0.00546875 0.01015625
0 0.61953125 0.4625 0.00625 0.0078125
0 0.63125 0.47109375 0.0078125 0.00859375
0 0.58984375 0.53203125 0.0078125 0.01171875
0 0.65703125 0.49375 0.00703125 0.01171875
0 0.67265625 0.53359375 0.0078125 0.0109375
0 0.66796875 0.58671875 0.0078125 0.01171875
0 0.63828125 0.5953125 0.00625 0.00859375
0 0.61640625 0.584375 0.00859375 0.00859375
0 0.690625 0.5328125 0.0078125 0.01015625
0 0.70078125 0.55859375 0.00625 0.01015625
0 0.7078125 0.509375 0.00625 0.009375
0 0.72109375 0.50078125 0.00625 0.0078125
0 0.734375 0.496875 0.00625 0.01171875
0 0.7375 0.51953125 0.00625 0.01171875
0 0.75625 0.5203125 0.00546875 0.01015625
0 0.75546875 0.5421875 0.00546875 0.01015625
0 0.74921875 0.571875 0.00625 0.00859375
0 0.72578125 0.56796875 0.00625 0.00859375
0 0.7546875 0.58203125 0.00546875 0.0078125
0 0.7578125 0.559375 0.00625 0.00859375
0 0.77421875 0.5390625 0.00625 0.01015625
0 0.778125 0.565625 0.00546875 0.01015625
0 0.78515625 0.57109375 0.0046875 0.009375
0 0.79140625 0.6 0.00546875 0.00859375
0 0.79296875 0.59609375 0.00546875 0.00859375
0 0.8015625 0.62578125 0.0046875 0.00859375
0 0.79921875 0.621875 0.0046875 0.00859375