0 0.38984375 0.56953125 0.00859375 0.009375
0 0.3875 0.58515625 0.00546875 0.009375
0 0.396875 0.56640625 0.0046875 0.00546875
0 0.3875 0.6 0.00625 0.00859375
0 0.40078125 0.5171875 0.00546875 0.00859375
0 0.39765625 0.5296875 0.00625 0.01015625
0 0.428125 0.44296875 0.00703125 0.00859375
0 0.4265625 0.459375 0.00625 0.01015625
0 0.5203125 0.490625 0.0078125 0.01875
0 0.51171875 0.471875 0.01015625 0.0171875
0 0.51015625 0.44140625 0.00703125 0.01328125
0 0.51875 0.4328125 0.00859375 0.0125
0 0.53359375 0.4484375 0.00703125 0.009375
0 0.54140625 0.46640625 0.00625 0.009375
0 0.5390625 0.4859375 0.00859375 0.0109375
0 0.490625 0.3890625 0.00625 0.0109375
0 0.48203125 0.3828125 0.00859375 0.009375
0 0.48203125 0.36875 0.0078125 0.01171875
0 0.4953125 0.34921875 0.00703125 0.01171875
0 0.51328125 0.31796875 0.00703125 0.01171875
0 0.53515625 0.2984375 0.00859375 0.0109375
0 0.5484375 0.30625 0.00703125 0.01171875
0 0.52578125 0.3421875 0.00625 0.01015625
0 0.53046875 0.3609375 0.00625 0.009375
0 0.54609375 0.32109375 0.009375 0.015625
0 0.546875 0.3609375 0.00703125 0.009375
0 0.54609375 0.375 0.00546875 0.0078125
0 0.54921875 0.39375 0.0078125 0.0125
0 0.54609375 0.4109375 0.0078125 0.01015625
0 0.5671875 0.32265625 0.0109375 0.0140625
0 0.5984375 0.3203125 0.0078125 0.009375
0 0.59609375 0.3390625 0.00703125 0.01171875
0 0.6125 0.3453125 0.00546875 0.01015625
0 0.6109375 0.36171875 0.0078125 0.01171875
0 0.6046875 0.371875 0.0078125 0.01171875
0 0.6 0.38203125 0.00625 0.00703125
0 0.603125 0.38828125 0.00625 0.0109375
0 0.57578125 0.38125 0.00546875 0.01015625
0 0.575 0.39765625 0.00625 0.01015625
0 0.55703125 0.4296875 0.00546875 0.00859375
0 0.5609375 0.4421875 0.00390625 0.0078125
0 0.584375 0.44296875 0.00703125 0.0078125
0 0.58125 0.453125 0.00625 0.01015625
0 0.59921875 0.4640625 0.009375 0.0109375
0 0.61015625 0.4546875 0.00546875 0.01015625
0 0.6140625 0.44453125 0.0078125 0.0125
0 0.6171875 0.425 0.00703125 0.00859375
0 0.6171875 0.40859375 0.0078125 0.01171875
0 0.640625 0.37109375 0.00625 0.01015625
0 0.64921875 0.36796875 0.0078125 0.0109375
0 0.646875 0.41328125 0.00625 0.0109375
0 0.6359375 0.4578125 0.00859375 0.01171875
0 0.64140625 0.490625 0.009375 0.01328125
0 0.63828125 0.5078125 0.00703125 0.0109375
0 0.6265625 0.5015625 0.00703125 0.01171875
0 0.621875 0.51171875 0.0078125 0.009375
0 0.64765625 0.47109375 0.0078125 0.0109375
0 0.6625 0.46328125 0.00859375 0.0125
0 0.6578125 0.471875 0.00859375 0.01171875
0 0.68125 0.4640625 0.00859375 0.01015625
0 0.6953125 0.49765625 0.009375 0.01171875
0 0.6953125 0.5125 0.00625 0.00703125
0 0.70859375 0.5484375 0.00703125 0.015625
0 0.69765625 0.5625 0.00546875 0.00625
0 0.66875 0.57890625 0.009375 0.01640625
0 0.7109375 0.5265625 0.009375 0.01171875
0 0.68828125 0.56796875 0.00859375 0.009375
0 0.68828125 0.58359375 0.00859375 0.0109375
0 0.73671875 0.5203125 0.009375 0.01484375
0 0.75546875 0.54765625 0.0078125 0.0125
0 0.77265625 0.59921875 0.01015625 0.015625
0 0.76953125 0.6109375 0.01015625 0.01328125
0 0.75859375 0.64453125 0.0109375 0.02109375
0 0.73046875 0.65546875 0.00859375 0.01484375
0 0.70234375 0.621875 0.00859375 0.0125
0 0.75 0.509375 0.00546875 0.00859375
0 0.76015625 0.5078125 0.009375 0.0140625
0 0.77421875 0.534375 0.0109375 0.0171875
0 0.784375 0.5671875 0.0109375 0.0140625
0 0.7796875 0.58125 0.01015625 0.01171875
0 0.80625 0.56875 0.01328125 0.0171875
0 0.80546875 0.58359375 0.00390625 0.00546875
0 0.8140625 0.59453125 0.0078125 0.01484375
0 0.81171875 0.609375 0.00703125 0.0078125
0 0.81484375 0.62890625 0.0078125 0.0125
0 0.815625 0.65234375 0.01015625 0.01484375
0 0.8171875 0.6671875 0.00703125 0.01015625