0 0.4203125 0.590625 0.00703125 0.01171875
0 0.43046875 0.57578125 0.00625 0.0109375
0 0.4234375 0.5453125 0.0078125 0.0109375
0 0.39765625 0.52734375 0.0078125 0.0109375
0 0.37734375 0.51953125 0.00625 0.01015625
0 0.371875 0.50546875 0.00859375 0.01171875
0 0.34296875 0.54140625 0.00703125 0.01015625
0 0.3296875 0.53671875 0.00859375 0.0125
0 0.33359375 0.47734375 0.00703125 0.01328125
0 0.35390625 0.48671875 0.00625 0.00859375
0 0.35625 0.471875 0.00703125 0.01328125
0 0.37265625 0.48671875 0.00703125 0.009375
0 0.37265625 0.47421875 0.0046875 0.00625
0 0.38203125 0.4640625 0.00859375 0.0109375
0 0.3828125 0.4546875 0.00625 0.009375
0 0.3984375 0.44765625 0.00703125 0.01171875
0 0.40234375 0.421875 0.00703125 0.0109375
0 0.41953125 0.39765625 0.00859375 0.0109375
0 0.47421875 0.3578125 0.00703125 0.01171875
0 0.4859375 0.36015625 0.00390625 0.00703125
0 0.509375 0.35703125 0.00625 0.009375
0 0.51953125 0.36015625 0.00703125 0.01015625
0 0.5296875 0.3703125 0.00625 0.01015625
0 0.5375 0.38125 0.00546875 0.00703125
0 0.52109375 0.38515625 0.009375 0.01171875
0 0.5046875 0.39140625 0.0078125 0.0109375
0 0.50546875 0.425 0.00859375 0.0125
0 0.51484375 0.4625 0.0078125 0.01171875
0 0.540625 0.484375 0.0078125 0.0109375
0 0.553125 0.48046875 0.00703125 0.01015625
0 0.55859375 0.440625 0.0078125 0.01484375
0 0.54375 0.40078125 0.00546875 0.009375
0 0.54296875 0.43125 0.0046875 0.0078125
0 0.55625 0.4171875 0.0046875 0.0046875
0 0.56015625 0.42890625 0.0078125 0.009375
0 0.56171875 0.39921875 0.00625 0.01015625
0 0.56328125 0.41171875 0.00625 0.009375
0 0.56875 0.38359375 0.00625 0.0125
0 0.578125 0.3859375 0.0046875 0.01171875
0 0.55234375 0.40390625 0.00546875 0.00859375
0 0.5828125 0.38203125 0.00390625 0.01015625
0 0.59375 0.38515625 0.00546875 0.01015625
0 0.45390625 0.3484375 0.0078125 0.01171875
0 0.45625 0.33046875 0.00703125 0.01015625
0 0.4703125 0.3078125 0.01015625 0.009375
0 0.48984375 0.28984375 0.01015625 0.01328125
0 0.51953125 0.28515625 0.009375 0.009375
0 0.528125 0.31640625 0.00625 0.01328125
0 0.5265625 0.296875 0.0078125 0.01171875
0 0.54921875 0.3140625 0.00703125 0.01171875
0 0.57578125 0.34765625 0.00625 0.01015625
0 0.596875 0.37109375 0.00703125 0.0109375
0 0.609375 0.41328125 0.00859375 0.0125
0 0.625 0.43359375 0.009375 0.01640625
0 0.59609375 0.43828125 0.00703125 0.01171875
0 0.57421875 0.45 0.00703125 0.01171875
0 0.58984375 0.478125 0.00625 0.01015625
0 0.6125 0.490625 0.009375 0.01171875
0 0.61796875 0.46015625 0.00703125 0.0109375
0 0.63125 0.47265625 0.0078125 0.01015625
0 0.6109375 0.4703125 0.00703125 0.01015625
0 0.6078125 0.5140625 0.00703125 0.00859375
0 0.61796875 0.50859375 0.00703125 0.009375
0 0.5828125 0.53359375 0.00625 0.0109375
0 0.61171875 0.51875 0.00703125 0.0109375
0 0.63359375 0.4875 0.00703125 0.0109375
0 0.66015625 0.5109375 0.00703125 0.0125
0 0.678125 0.54921875 0.00703125 0.0125
0 0.66484375 0.6 0.0078125 0.01015625
0 0.63359375 0.59140625 0.009375 0.009375
0 0.61640625 0.584375 0.0078125 0.0078125
0 0.6953125 0.5375 0.00625 0.0109375
0 0.703125 0.51953125 0.00546875 0.009375
0 0.71328125 0.49921875 0.01015625 0.0109375
0 0.7328125 0.5046875 0.0078125 0.0125
0 0.73203125 0.4921875 0.0078125 0.009375
0 0.70859375 0.58203125 0.00859375 0.0125
0 0.73984375 0.5984375 0.00859375 0.01171875
0 0.7609375 0.60234375 0.00859375 0.01171875
0 0.76796875 0.5671875 0.00625 0.01171875
0 0.76171875 0.5515625 0.00625 0.0109375
0 0.7515625 0.51484375 0.00859375 0.01328125
0 0.77265625 0.53671875 0.00703125 0.00859375
0 0.77109375 0.5484375 0.0046875 0.0078125
0 0.77421875 0.56328125 0.00390625 0.0046875
0 0.78203125 0.56875 0.0078125 0.01015625
0 0.78828125 0.5921875 0.00859375 0.01328125
0 0.7984375 0.61953125 0.00546875 0.00859375
0 0.79453125 0.6140625 0.00546875 0.00859375