0 0.35390625 0.575 0.0109375 0.0171875
0 0.371875 0.60546875 0.0109375 0.015625
0 0.3859375 0.61796875 0.00859375 0.015625
0 0.4109375 0.6265625 0.0109375 0.01875
0 0.37265625 0.5421875 0.009375 0.0171875
0 0.38828125 0.53125 0.01015625 0.015625
0 0.41171875 0.55625 0.0078125 0.01796875
0 0.42265625 0.61484375 0.00859375 0.015625
0 0.39609375 0.5140625 0.00703125 0.015625
0 0.3921875 0.4796875 0.009375 0.015625
0 0.33828125 0.55390625 0.00859375 0.0171875
0 0.35546875 0.5359375 0.0078125 0.01484375
0 0.4015625 0.45859375 0.01171875 0.02109375
0 0.40703125 0.415625 0.0109375 0.0140625
0 0.41875 0.41953125 0.00859375 0.0125
0 0.4609375 0.36015625 0.01171875 0.015625
0 0.46171875 0.33671875 0.01015625 0.0171875
0 0.475 0.315625 0.0109375 0.0171875
0 0.49765625 0.3 0.009375 0.015625
0 0.51875 0.2984375 0.0078125 0.0171875
0 0.5265625 0.3234375 0.0078125 0.0140625
0 0.48203125 0.3734375 0.0078125 0.0125
0 0.503125 0.4296875 0.009375 0.0140625
0 0.51015625 0.46875 0.009375 0.01875
0 0.503125 0.39921875 0.009375 0.01484375
0 0.5171875 0.38984375 0.01015625 0.01640625
0 0.53359375 0.4828125 0.0125 0.01640625
0 0.540625 0.40703125 0.009375 0.015625
0 0.55390625 0.43671875 0.00859375 0.01640625
0 0.54921875 0.4765625 0.00859375 0.01484375
0 0.528125 0.34921875 0.009375 0.0140625
0 0.53671875 0.3875 0.00859375 0.0125
0 0.53046875 0.340625 0.00703125 0.01015625
0 0.54140625 0.34921875 0.009375 0.0109375
0 0.56796875 0.3671875 0.0078125 0.0125
0 0.5859375 0.38671875 0.0078125 0.0109375
0 0.58203125 0.3984375 0.0078125 0.0125
0 0.575 0.41484375 0.009375 0.0125
0 0.5703125 0.42109375 0.009375 0.01171875
0 0.57109375 0.4328125 0.00859375 0.01484375
0 0.57421875 0.45703125 0.0078125 0.0140625
0 0.58828125 0.434375 0.00625 0.009375
0 0.59296875 0.44765625 0.00625 0.01015625
0 0.60703125 0.42421875 0.00859375 0.01640625
0 0.59765625 0.42578125 0.00703125 0.01015625
0 0.609375 0.453125 0.0078125 0.01328125
0 0.6015625 0.484375 0.009375 0.0109375
0 0.5859375 0.49140625 0.00625 0.0125
0 0.5984375 0.5046875 0.00859375 0.01171875
0 0.5734375 0.50390625 0.0078125 0.01328125
0 0.58671875 0.51171875 0.00859375 0.0109375
0 0.5859375 0.53203125 0.0078125 0.01015625
0 0.61640625 0.50703125 0.0078125 0.0125
0 0.6234375 0.4875 0.00703125 0.0125
0 0.64453125 0.503125 0.009375 0.01484375
0 0.659375 0.5421875 0.00859375 0.0140625
0 0.65234375 0.58515625 0.0125 0.01875
0 0.68984375 0.59296875 0.00859375 0.0234375
0 0.7 0.59296875 0.00703125 0.021875
0 0.70234375 0.54609375 0.00859375 0.01640625
0 0.7125 0.53203125 0.01015625 0.0171875
0 0.73046875 0.5234375 0.01015625 0.015625
0 0.74453125 0.553125 0.009375 0.01796875
0 0.74765625 0.58359375 0.01171875 0.015625
0 0.740625 0.60625 0.0078125 0.0125
0 0.76640625 0.56015625 0.009375 0.01328125
0 0.76796875 0.584375 0.0078125 0.01171875
0 0.778125 0.5890625 0.00546875 0.0140625
0 0.7796875 0.6125 0.00625 0.0125
0 0.7875 0.63359375 0.00703125 0.0125