0 0.40390625 0.56484375 0.00703125 0.009375
0 0.40234375 0.58046875 0.0046875 0.0078125
0 0.40859375 0.57578125 0.00546875 0.0078125
0 0.38359375 0.5796875 0.00625 0.0109375
0 0.3875 0.5578125 0.0078125 0.0125
0 0.40546875 0.5234375 0.00546875 0.009375
0 0.40390625 0.5078125 0.00703125 0.00859375
0 0.4265625 0.4796875 0.00546875 0.00703125
0 0.42734375 0.4640625 0.00703125 0.00859375
0 0.52109375 0.5 0.00546875 0.01328125
0 0.5109375 0.4625 0.00625 0.0109375
0 0.51015625 0.478125 0.00546875 0.00859375
0 0.5296875 0.47578125 0.00546875 0.0109375
0 0.5265625 0.48515625 0.00625 0.01015625
0 0.51015625 0.4375 0.00703125 0.009375
0 0.5203125 0.43046875 0.00703125 0.009375
0 0.534375 0.45 0.00703125 0.009375
0 0.5421875 0.471875 0.0046875 0.0109375
0 0.48515625 0.3578125 0.00703125 0.01015625
0 0.48671875 0.3734375 0.00546875 0.00859375
0 0.4953125 0.4015625 0.00546875 0.00859375
0 0.4921875 0.38828125 0.0078125 0.009375
0 0.5 0.33671875 0.0078125 0.01015625
0 0.51875 0.3125 0.009375 0.0125
0 0.54375 0.30078125 0.00703125 0.01171875
0 0.5578125 0.31796875 0.0078125 0.009375
0 0.54609375 0.3171875 0.0078125 0.01015625
0 0.52890625 0.3421875 0.00703125 0.01171875
0 0.56875 0.31640625 0.00859375 0.015625
0 0.54765625 0.36015625 0.00703125 0.01171875
0 0.546875 0.37890625 0.00703125 0.01015625
0 0.60078125 0.328125 0.0109375 0.0125
0 0.61328125 0.3546875 0.01015625 0.0125
0 0.61328125 0.36875 0.00703125 0.00859375
0 0.60625 0.3765625 0.00703125 0.01328125
0 0.60390625 0.39453125 0.00703125 0.0109375
0 0.57890625 0.4015625 0.00703125 0.0140625
0 0.55546875 0.39140625 0.0078125 0.01171875
0 0.54765625 0.41015625 0.00703125 0.01328125
0 0.5625 0.43203125 0.00625 0.01484375
0 0.58515625 0.453125 0.00859375 0.0171875
0 0.615625 0.45234375 0.009375 0.01640625
0 0.61875 0.43046875 0.01015625 0.01015625
0 0.6203125 0.415625 0.00703125 0.01171875
0 0.61953125 0.440625 0.00625 0.00859375
0 0.596875 0.46953125 0.0078125 0.01171875
0 0.62109375 0.5171875 0.00859375 0.01796875
0 0.62890625 0.5078125 0.0078125 0.01171875
0 0.640625 0.50078125 0.00859375 0.01171875
0 0.6375 0.4703125 0.0078125 0.01328125
0 0.646875 0.41328125 0.00703125 0.01328125
0 0.6359375 0.421875 0.00625 0.0109375
0 0.63828125 0.3765625 0.00703125 0.01171875
0 0.6484375 0.371875 0.0078125 0.0125
0 0.64609375 0.47578125 0.00625 0.0125
0 0.6578125 0.465625 0.0078125 0.01328125
0 0.67890625 0.47109375 0.00703125 0.0171875
0 0.69453125 0.5015625 0.00703125 0.01328125
0 0.69375 0.5140625 0.0078125 0.0125
0 0.70078125 0.5609375 0.00703125 0.01015625
0 0.690625 0.56796875 0.009375 0.00703125
0 0.6703125 0.58984375 0.0078125 0.01328125
0 0.6875 0.578125 0.01015625 0.01953125
0 0.7015625 0.5484375 0.00546875 0.0109375
0 0.70546875 0.534375 0.00625 0.0140625
0 0.7359375 0.52421875 0.0078125 0.01640625
0 0.75625 0.553125 0.00859375 0.01328125
0 0.771875 0.6109375 0.0109375 0.02421875
0 0.7578125 0.65703125 0.0109375 0.028125
0 0.72890625 0.6640625 0.009375 0.01640625
0 0.74296875 0.51171875 0.00859375 0.01484375
0 0.75546875 0.50703125 0.00859375 0.01484375
0 0.771875 0.53671875 0.01015625 0.0265625
0 0.78125 0.57421875 0.0109375 0.028125
0 0.80390625 0.56953125 0.0125 0.02109375
0 0.8109375 0.596875 0.0125 0.028125
0 0.8046875 0.63046875 0.00703125 0.0171875
0 0.8140625 0.628125 0.0078125 0.01484375
0 0.81171875 0.65546875 0.00859375 0.0140625
0 0.8171875 0.65078125 0.00859375 0.02109375