0 0.421875 0.57734375 0.0078125 0.0125
0 0.43046875 0.55546875 0.00703125 0.01171875
0 0.42109375 0.53359375 0.00703125 0.0109375
0 0.39921875 0.51796875 0.0078125 0.0125
0 0.38046875 0.51875 0.00859375 0.01328125
0 0.3703125 0.5125 0.009375 0.01171875
0 0.34453125 0.54765625 0.009375 0.01328125
0 0.33046875 0.53515625 0.0078125 0.01328125
0 0.33125 0.48046875 0.009375 0.01796875
0 0.353125 0.496875 0.01171875 0.0140625
0 0.37265625 0.484375 0.0078125 0.0109375
0 0.36875 0.46875 0.00703125 0.01171875
0 0.38671875 0.45625 0.00703125 0.01015625
0 0.41015625 0.4375 0.0078125 0.0109375
0 0.40078125 0.4140625 0.00859375 0.0109375
0 0.41328125 0.4046875 0.0078125 0.0125
0 0.42421875 0.39921875 0.009375 0.01015625
0 0.421875 0.36953125 0.01015625 0.0109375
0 0.41796875 0.3859375 0.00859375 0.01328125
0 0.5171875 0.45625 0.00859375 0.0140625
0 0.50625 0.42421875 0.0078125 0.01328125
0 0.50546875 0.3875 0.00859375 0.01328125
0 0.51953125 0.378125 0.00859375 0.0125
0 0.54765625 0.40078125 0.00859375 0.01328125
0 0.559375 0.43984375 0.00703125 0.01328125
0 0.55546875 0.4796875 0.00703125 0.0125
0 0.54296875 0.4796875 0.0078125 0.01328125
0 0.4765625 0.35390625 0.009375 0.0109375
0 0.48203125 0.37265625 0.0078125 0.01015625
0 0.5140625 0.3578125 0.00703125 0.01015625
0 0.5234375 0.3625 0.00625 0.0109375
0 0.53203125 0.371875 0.00625 0.00859375
0 0.5390625 0.38125 0.00390625 0.00625
0 0.45625 0.34296875 0.00859375 0.0109375
0 0.4578125 0.31796875 0.0078125 0.0109375
0 0.4765625 0.3015625 0.00859375 0.0109375
0 0.5 0.2875 0.01015625 0.0125
0 0.528125 0.28984375 0.00703125 0.009375
0 0.52578125 0.296875 0.00859375 0.01015625
0 0.52890625 0.31796875 0.00859375 0.01171875
0 0.5375 0.30078125 0.00703125 0.009375
0 0.5546875 0.31875 0.00859375 0.01171875
0 0.55234375 0.42578125 0.00703125 0.0125
0 0.5578125 0.409375 0.00625 0.0140625
0 0.56171875 0.403125 0.009375 0.01171875
0 0.565625 0.425 0.00703125 0.01171875
0 0.5765625 0.446875 0.009375 0.0125
0 0.57890625 0.34765625 0.00859375 0.01484375
0 0.60234375 0.36953125 0.00703125 0.01171875
0 0.5984375 0.38203125 0.0078125 0.0125
0 0.56875 0.3734375 0.0078125 0.0125
0 0.6125 0.40859375 0.0078125 0.0109375
0 0.628125 0.42890625 0.009375 0.015625
0 0.63671875 0.4796875 0.0078125 0.0109375
0 0.62109375 0.4625 0.00703125 0.009375
0 0.6109375 0.46875 0.00859375 0.01015625
0 0.6140625 0.4921875 0.00625 0.0078125
0 0.6078125 0.5125 0.00859375 0.0109375
0 0.59296875 0.4921875 0.00859375 0.0125
0 0.596875 0.48359375 0.00859375 0.01171875
0 0.61796875 0.503125 0.00703125 0.00859375
0 0.58671875 0.52421875 0.009375 0.01171875
0 0.6265625 0.4859375 0.009375 0.0125
0 0.60625 0.5203125 0.009375 0.01015625
0 0.653125 0.5046875 0.0078125 0.01328125
0 0.67421875 0.53984375 0.0078125 0.01328125
0 0.665625 0.5953125 0.0078125 0.0109375
0 0.63203125 0.590625 0.00859375 0.00625
0 0.61796875 0.5828125 0.00859375 0.00859375
0 0.6921875 0.53828125 0.009375 0.0125
0 0.7015625 0.5859375 0.0078125 0.01171875
0 0.71015625 0.49921875 0.00859375 0.01171875
0 0.70546875 0.52109375 0.00625 0.0140625
0 0.71640625 0.50078125 0.00703125 0.0125
0 0.73515625 0.48828125 0.00859375 0.01640625
0 0.75390625 0.5140625 0.0078125 0.0140625
0 0.7609375 0.55234375 0.00625 0.0140625
0 0.77109375 0.578125 0.00859375 0.01328125
0 0.76171875 0.6171875 0.0078125 0.0109375
0 0.7390625 0.6125 0.0078125 0.01015625
0 0.7578125 0.56875 0.0078125 0.0078125
0 0.7765625 0.53828125 0.00703125 0.00859375
0 0.77734375 0.553125 0.009375 0.0125
0 0.784375 0.5734375 0.00859375 0.0125
0 0.78046875 0.56796875 0.00625 0.01015625
0 0.78984375 0.59921875 0.0078125 0.0140625
0 0.7984375 0.6234375 0.0078125 0.0140625