0 0.41953125 0.5515625 0.0078125 0.01015625
0 0.42578125 0.58828125 0.00703125 0.01015625
0 0.41875 0.59296875 0.0078125 0.01171875
0 0.38828125 0.56796875 0.0078125 0.0140625
0 0.39140625 0.5375 0.01015625 0.00859375
0 0.375 0.528125 0.009375 0.009375
0 0.3609375 0.5234375 0.0078125 0.01328125
0 0.32890625 0.52578125 0.0078125 0.0125
0 0.33828125 0.51953125 0.00625 0.01015625
0 0.32890625 0.48203125 0.0078125 0.01328125
0 0.35 0.4859375 0.0078125 0.01328125
0 0.3546875 0.44921875 0.00859375 0.01640625
0 0.3703125 0.4890625 0.0078125 0.00859375
0 0.37421875 0.4765625 0.00703125 0.009375
0 0.37734375 0.4546875 0.00859375 0.01171875
0 0.3921875 0.43515625 0.0078125 0.01171875
0 0.4 0.42265625 0.00703125 0.0109375
0 0.40703125 0.39765625 0.00625 0.01171875
0 0.41484375 0.403125 0.00625 0.01171875
0 0.51328125 0.4671875 0.009375 0.01171875
0 0.50390625 0.4296875 0.00625 0.01171875
0 0.50390625 0.390625 0.00625 0.009375
0 0.5203125 0.38046875 0.0078125 0.01171875
0 0.54453125 0.4 0.00859375 0.01328125
0 0.55703125 0.43828125 0.00859375 0.01328125
0 0.55234375 0.48046875 0.00703125 0.01171875
0 0.53671875 0.48515625 0.00859375 0.0125
0 0.58828125 0.53125 0.0078125 0.01328125
0 0.48125 0.3515625 0.0078125 0.009375
0 0.47890625 0.3796875 0.00546875 0.009375
0 0.4890625 0.36484375 0.0046875 0.01171875
0 0.51171875 0.36171875 0.00625 0.0109375
0 0.52421875 0.36953125 0.00546875 0.01015625
0 0.534375 0.375 0.00625 0.009375
0 0.45625 0.33671875 0.0078125 0.01171875
0 0.4578125 0.31640625 0.009375 0.01328125
0 0.47578125 0.29765625 0.00859375 0.0125
0 0.49921875 0.28515625 0.01015625 0.0140625
0 0.52578125 0.28984375 0.0078125 0.009375
0 0.528125 0.296875 0.009375 0.0140625
0 0.5296875 0.32265625 0.00859375 0.0125
0 0.54765625 0.3078125 0.009375 0.0140625
0 0.575 0.346875 0.009375 0.0109375
0 0.59765625 0.3671875 0.0078125 0.01484375
0 0.55859375 0.38046875 0.00625 0.0078125
0 0.559375 0.39453125 0.00625 0.009375
0 0.57109375 0.37734375 0.00859375 0.01171875
0 0.56875 0.40390625 0.009375 0.01328125
0 0.57890625 0.44453125 0.0078125 0.0140625
0 0.58515625 0.3828125 0.01015625 0.01328125
0 0.59453125 0.4828125 0.00546875 0.01015625
0 0.61171875 0.49296875 0.00859375 0.009375
0 0.6171875 0.50078125 0.00703125 0.009375
0 0.60546875 0.5078125 0.00703125 0.0109375
0 0.6125 0.50546875 0.00703125 0.01015625
0 0.609375 0.471875 0.00703125 0.01015625
0 0.6171875 0.46484375 0.00703125 0.01171875
0 0.6296875 0.4703125 0.00625 0.0109375
0 0.60546875 0.415625 0.00625 0.01015625
0 0.62109375 0.4265625 0.0078125 0.0109375
0 0.63125 0.48203125 0.0078125 0.009375
0 0.65703125 0.4984375 0.009375 0.01640625
0 0.6734375 0.53671875 0.009375 0.0171875
0 0.66640625 0.58984375 0.009375 0.01484375
0 0.6375 0.59140625 0.01015625 0.009375
0 0.61640625 0.58359375 0.00859375 0.0078125
0 0.69765625 0.559375 0.00703125 0.0140625
0 0.6875 0.53046875 0.0078125 0.0125
0 0.70625 0.50625 0.00703125 0.0109375
0 0.72109375 0.4984375 0.00859375 0.01328125
0 0.73203125 0.49453125 0.0078125 0.0125
0 0.73671875 0.51328125 0.0078125 0.01171875
0 0.75546875 0.51796875 0.00703125 0.0125
0 0.75390625 0.5375 0.00859375 0.0125
0 0.759375 0.559375 0.00703125 0.0125
0 0.74765625 0.56953125 0.00625 0.01171875
0 0.753125 0.5796875 0.00625 0.0140625
0 0.725 0.57109375 0.00859375 0.015625
0 0.775 0.5375 0.009375 0.01171875
0 0.7734375 0.54921875 0.0078125 0.0125
0 0.77734375 0.5640625 0.0078125 0.00859375
0 0.784375 0.56875 0.009375 0.0109375
0 0.790625 0.59453125 0.00859375 0.01328125
0 0.80078125 0.625 0.00859375 0.0125
0 0.796875 0.61875 0.00703125 0.01015625