0 0.4296875 0.559375 0.00625 0.009375
0 0.421875 0.5453125 0.0078125 0.01015625
0 0.41875 0.5921875 0.00703125 0.01171875
0 0.3953125 0.53046875 0.009375 0.01171875
0 0.3828125 0.55390625 0.0078125 0.01015625
0 0.36953125 0.5078125 0.00859375 0.0140625
0 0.3671875 0.55390625 0.00703125 0.0109375
0 0.34375 0.54140625 0.00625 0.0109375
0 0.32890625 0.5375 0.0078125 0.0125
0 0.33203125 0.48203125 0.0078125 0.015625
0 0.3515625 0.49140625 0.00546875 0.009375
0 0.35546875 0.47265625 0.00546875 0.00859375
0 0.37421875 0.478125 0.0078125 0.0140625
0 0.3828125 0.4578125 0.0078125 0.01171875
0 0.39921875 0.44296875 0.00703125 0.0109375
0 0.40390625 0.42734375 0.00703125 0.0109375
0 0.41953125 0.39921875 0.0078125 0.0125
0 0.50625 0.4234375 0.0078125 0.01171875
0 0.515625 0.459375 0.0078125 0.0125
0 0.54140625 0.4828125 0.00703125 0.0109375
0 0.553125 0.47890625 0.0078125 0.0125
0 0.5578125 0.4390625 0.00703125 0.01171875
0 0.5453125 0.40078125 0.0078125 0.0125
0 0.521875 0.38203125 0.0078125 0.0109375
0 0.50625 0.38984375 0.0078125 0.0109375
0 0.47421875 0.35390625 0.00859375 0.0109375
0 0.475 0.3859375 0.00703125 0.00859375
0 0.48828125 0.3609375 0.00546875 0.0125
0 0.5078125 0.35546875 0.0046875 0.01015625
0 0.51875 0.36171875 0.00703125 0.01171875
0 0.528125 0.36875 0.0078125 0.01015625
0 0.53671875 0.3796875 0.00546875 0.01015625
0 0.4546875 0.33984375 0.0078125 0.01015625
0 0.45703125 0.321875 0.00859375 0.01328125
0 0.4734375 0.303125 0.0078125 0.01171875
0 0.4953125 0.2890625 0.00859375 0.01171875
0 0.5234375 0.28828125 0.00703125 0.01015625
0 0.5296875 0.31953125 0.00703125 0.01171875
0 0.52578125 0.2953125 0.00703125 0.0125
0 0.54921875 0.31328125 0.00859375 0.0109375
0 0.575 0.35 0.00703125 0.01015625
0 0.596875 0.37265625 0.00859375 0.0109375
0 0.5828125 0.3484375 0.00703125 0.01171875
0 0.56875 0.375 0.01015625 0.0125
0 0.5609375 0.39375 0.0078125 0.01015625
0 0.5453125 0.4265625 0.00625 0.009375
0 0.55703125 0.41171875 0.00625 0.009375
0 0.56328125 0.40625 0.00703125 0.009375
0 0.5671875 0.42890625 0.00625 0.0109375
0 0.575 0.44921875 0.00703125 0.0125
0 0.59453125 0.3984375 0.00703125 0.0109375
0 0.61015625 0.4125 0.0078125 0.01328125
0 0.63046875 0.4390625 0.00625 0.0109375
0 0.63046875 0.465625 0.00703125 0.01328125
0 0.61328125 0.465625 0.00546875 0.01015625
0 0.6125 0.49140625 0.0078125 0.01015625
0 0.61953125 0.503125 0.0078125 0.00859375
0 0.61015625 0.51015625 0.00625 0.009375
0 0.59609375 0.48984375 0.00625 0.01171875
0 0.5875 0.53671875 0.00546875 0.009375
0 0.61328125 0.51484375 0.00859375 0.01015625
0 0.6359375 0.48515625 0.0078125 0.0109375
0 0.66171875 0.51171875 0.0078125 0.01015625
0 0.6765625 0.54921875 0.0078125 0.0125
0 0.665625 0.6015625 0.0078125 0.01171875
0 0.634375 0.5921875 0.0078125 0.009375
0 0.61796875 0.5828125 0.0078125 0.0078125
0 0.69453125 0.534375 0.00625 0.01328125
0 0.7046875 0.5203125 0.00625 0.01015625
0 0.7140625 0.49921875 0.00859375 0.01171875
0 0.7296875 0.50703125 0.00703125 0.0125
0 0.73203125 0.4921875 0.00859375 0.0109375
0 0.7515625 0.515625 0.00859375 0.0109375
0 0.76015625 0.5515625 0.00625 0.0109375
0 0.76640625 0.5640625 0.00859375 0.0109375
0 0.7625 0.59609375 0.00703125 0.0109375
0 0.74140625 0.59296875 0.0078125 0.0109375
0 0.70703125 0.5765625 0.00703125 0.01171875
0 0.77734375 0.54296875 0.00859375 0.0109375
0 0.77578125 0.55625 0.00703125 0.0109375
0 0.7796875 0.56796875 0.00703125 0.00859375
0 0.784375 0.57265625 0.00859375 0.0109375
0 0.78984375 0.59765625 0.009375 0.01171875
0 0.8 0.62421875 0.00546875 0.01015625
0 0.79609375 0.61953125 0.00625 0.01015625