0 0.4234375 0.59453125 0.00703125 0.01015625
0 0.434375 0.58515625 0.00703125 0.0109375
0 0.375 0.50703125 0.00703125 0.0125
0 0.40234375 0.55390625 0.00703125 0.0109375
0 0.3296875 0.540625 0.00625 0.01015625
0 0.34140625 0.5390625 0.00625 0.01015625
0 0.3671875 0.55078125 0.00625 0.009375
0 0.33359375 0.48203125 0.00625 0.009375
0 0.3546875 0.48515625 0.00625 0.0078125
0 0.35625 0.46640625 0.00546875 0.009375
0 0.36953125 0.4875 0.00703125 0.009375
0 0.378125 0.4546875 0.00546875 0.009375
0 0.3921875 0.43828125 0.00703125 0.009375
0 0.40078125 0.42734375 0.00546875 0.01015625
0 0.41796875 0.40078125 0.00546875 0.01015625
0 0.41171875 0.39765625 0.00625 0.01015625
0 0.515625 0.459375 0.0078125 0.0125
0 0.50546875 0.421875 0.00625 0.0109375
0 0.5046875 0.38984375 0.00703125 0.0109375
0 0.51953125 0.38046875 0.00546875 0.009375
0 0.54453125 0.39921875 0.00703125 0.01015625
0 0.55859375 0.43984375 0.00703125 0.01171875
0 0.55234375 0.47734375 0.0078125 0.01171875
0 0.540625 0.48359375 0.0078125 0.0109375
0 0.51015625 0.36015625 0.00546875 0.009375
0 0.51796875 0.3640625 0.00625 0.0125
0 0.5296875 0.371875 0.00625 0.00859375
0 0.47890625 0.35 0.00625 0.01015625
0 0.45625 0.33828125 0.00625 0.01015625
0 0.45625 0.31796875 0.00703125 0.0109375
0 0.475 0.30234375 0.0078125 0.01015625
0 0.496875 0.290625 0.00625 0.01015625
0 0.525 0.29140625 0.00703125 0.009375
0 0.53046875 0.32109375 0.00625 0.0109375
0 0.53046875 0.303125 0.009375 0.01015625
0 0.55078125 0.3125 0.00703125 0.01171875
0 0.57734375 0.34921875 0.00859375 0.0109375
0 0.56953125 0.3453125 0.0078125 0.01015625
0 0.5984375 0.36953125 0.009375 0.0140625
0 0.56953125 0.37578125 0.00859375 0.0109375
0 0.5578125 0.396875 0.0078125 0.0109375
0 0.55859375 0.4171875 0.00625 0.01171875
0 0.56875 0.4046875 0.00859375 0.01015625
0 0.5828125 0.38203125 0.0046875 0.009375
0 0.5921875 0.38125 0.00625 0.009375
0 0.60625 0.41796875 0.00859375 0.01015625
0 0.6234375 0.43046875 0.0078125 0.0109375
0 0.58125 0.4421875 0.00859375 0.01328125
0 0.59609375 0.47734375 0.00625 0.01015625
0 0.61328125 0.490625 0.00859375 0.0125
0 0.63203125 0.4734375 0.0078125 0.01171875
0 0.590625 0.48828125 0.0078125 0.01171875
0 0.60703125 0.5109375 0.0078125 0.0109375
0 0.61796875 0.503125 0.00625 0.0109375
0 0.65859375 0.503125 0.00703125 0.01171875
0 0.67578125 0.54296875 0.00625 0.01015625
0 0.66484375 0.59375 0.00859375 0.01328125
0 0.6359375 0.59296875 0.0078125 0.00859375
0 0.6171875 0.5859375 0.0078125 0.01171875
0 0.58671875 0.53125 0.00703125 0.01171875
0 0.61015625 0.4671875 0.00703125 0.01015625
0 0.63046875 0.4796875 0.00703125 0.0109375
0 0.703125 0.57265625 0.00703125 0.01015625
0 0.690625 0.5296875 0.0078125 0.01328125
0 0.70078125 0.52109375 0.00703125 0.00859375
0 0.7109375 0.50078125 0.00703125 0.01015625
0 0.73203125 0.49140625 0.0078125 0.00859375
0 0.74375 0.5171875 0.00546875 0.0078125
0 0.75234375 0.51640625 0.00625 0.01015625
0 0.746875 0.52265625 0.00703125 0.01171875
0 0.76171875 0.553125 0.0078125 0.0109375
0 0.7578125 0.58203125 0.00859375 0.01171875
0 0.734375 0.5921875 0.00859375 0.0125
0 0.7765625 0.54140625 0.0078125 0.009375
0 0.7859375 0.57109375 0.00703125 0.01015625
0 0.7796875 0.5703125 0.00625 0.01015625
0 0.7921875 0.5984375 0.00703125 0.01171875
0 0.80078125 0.62578125 0.00703125 0.0109375
0 0.7984375 0.62109375 0.00625 0.00859375