0 0.36015625 0.53515625 0.0078125 0.01015625
0 0.37734375 0.53125 0.00625 0.009375
0 0.39453125 0.5375 0.00546875 0.00625
0 0.3890625 0.57265625 0.00546875 0.0078125
0 0.41796875 0.59609375 0.00625 0.0078125
0 0.42578125 0.5921875 0.00625 0.00859375
0 0.42421875 0.5515625 0.00546875 0.009375
0 0.3390625 0.51484375 0.00546875 0.009375
0 0.340625 0.47890625 0.00703125 0.01015625
0 0.3625 0.465625 0.00625 0.009375
0 0.38125 0.49609375 0.00625 0.009375
0 0.38203125 0.484375 0.00546875 0.00703125
0 0.38359375 0.46328125 0.00625 0.00859375
0 0.39765625 0.4421875 0.00703125 0.009375
0 0.40625 0.4296875 0.00625 0.01015625
0 0.4078125 0.40625 0.00625 0.00859375
0 0.50390625 0.4328125 0.00625 0.01171875
0 0.5125 0.471875 0.00625 0.01015625
0 0.53515625 0.48984375 0.0078125 0.0109375
0 0.55 0.48125 0.0078125 0.0125
0 0.55625 0.44453125 0.00625 0.00859375
0 0.54453125 0.4046875 0.00703125 0.009375
0 0.52109375 0.3875 0.00703125 0.01015625
0 0.50546875 0.4 0.00703125 0.009375
0 0.51484375 0.36640625 0.00625 0.0109375
0 0.5265625 0.371875 0.00546875 0.00859375
0 0.534375 0.378125 0.00546875 0.00859375
0 0.4828125 0.3578125 0.00703125 0.0109375
0 0.4578125 0.3390625 0.00703125 0.00859375
0 0.459375 0.31875 0.00703125 0.00859375
0 0.4765625 0.30703125 0.00703125 0.00859375
0 0.4984375 0.2921875 0.00625 0.0109375
0 0.525 0.29453125 0.00703125 0.01015625
0 0.53359375 0.31953125 0.00703125 0.009375
0 0.53671875 0.3015625 0.0078125 0.01015625
0 0.553125 0.31640625 0.00546875 0.009375
0 0.57421875 0.35390625 0.00703125 0.01015625
0 0.59609375 0.3796875 0.00703125 0.01171875
0 0.57421875 0.38359375 0.00625 0.01015625
0 0.584375 0.38828125 0.00546875 0.00859375
0 0.571875 0.403125 0.00859375 0.009375
0 0.559375 0.4015625 0.00546875 0.0078125
0 0.5828125 0.44375 0.00703125 0.0109375
0 0.6046875 0.42265625 0.0078125 0.01015625
0 0.61484375 0.428125 0.00625 0.01015625
0 0.6171875 0.4625 0.00625 0.01015625
0 0.61015625 0.4921875 0.00703125 0.01171875
0 0.596875 0.4828125 0.00625 0.009375
0 0.6015625 0.5125 0.00625 0.01015625
0 0.590625 0.5015625 0.0046875 0.009375
0 0.5859375 0.53359375 0.00546875 0.00859375
0 0.63359375 0.48359375 0.00546875 0.0078125
0 0.6140625 0.49921875 0.0078125 0.0125
0 0.65703125 0.52109375 0.00703125 0.0125
0 0.67265625 0.54375 0.00625 0.01015625
0 0.6640625 0.590625 0.0078125 0.0109375
0 0.6359375 0.59609375 0.00703125 0.01015625
0 0.615625 0.5875 0.00625 0.01015625
0 0.703125 0.53046875 0.00546875 0.00859375
0 0.71328125 0.52265625 0.0078125 0.01015625
0 0.725 0.53515625 0.00546875 0.01015625
0 0.734375 0.50390625 0.00703125 0.01015625
0 0.715625 0.5140625 0.0078125 0.00859375
0 0.75390625 0.5296875 0.00625 0.01015625
0 0.753125 0.5578125 0.00546875 0.01015625
0 0.7421875 0.55078125 0.0046875 0.00703125
0 0.73671875 0.54453125 0.00546875 0.0078125
0 0.7515625 0.58515625 0.00703125 0.01015625
0 0.73203125 0.5953125 0.00625 0.01171875
0 0.7734375 0.5421875 0.00625 0.0078125
0 0.77109375 0.55078125 0.00546875 0.009375
0 0.775 0.57109375 0.00546875 0.0078125
0 0.784375 0.5734375 0.00546875 0.00859375
0 0.79296875 0.59921875 0.00546875 0.0078125
0 0.78671875 0.60859375 0.00625 0.009375
0 0.7984375 0.62734375 0.0046875 0.0078125
0 0.7953125 0.62265625 0.00546875 0.01015625