0 0.4203125 0.571875 0.00703125 0.01015625
0 0.428125 0.55078125 0.0078125 0.009375
0 0.415625 0.53125 0.00703125 0.00859375
0 0.390625 0.52421875 0.00859375 0.0109375
0 0.36953125 0.5078125 0.00703125 0.0125
0 0.38046875 0.52265625 0.00703125 0.01015625
0 0.346875 0.54765625 0.00703125 0.01015625
0 0.33203125 0.5359375 0.0078125 0.0078125
0 0.33515625 0.48046875 0.00703125 0.009375
0 0.3640625 0.4734375 0.0078125 0.00859375
0 0.37578125 0.4765625 0.0078125 0.0078125
0 0.375 0.45625 0.00625 0.00859375
0 0.38671875 0.43671875 0.0078125 0.009375
0 0.38984375 0.45546875 0.00546875 0.01171875
0 0.409375 0.44375 0.00703125 0.01015625
0 0.40703125 0.41171875 0.00625 0.01015625
0 0.4296875 0.3984375 0.0078125 0.01015625
0 0.41875 0.38359375 0.0078125 0.0125
0 0.4265625 0.36796875 0.0078125 0.009375
0 0.47578125 0.359375 0.00859375 0.01171875
0 0.45390625 0.34765625 0.00703125 0.00859375
0 0.45703125 0.32421875 0.00703125 0.009375
0 0.47421875 0.30703125 0.00859375 0.009375
0 0.4953125 0.28984375 0.009375 0.01015625
0 0.52265625 0.28828125 0.0078125 0.009375
0 0.52421875 0.3109375 0.00703125 0.01015625
0 0.528125 0.30234375 0.00859375 0.0125
0 0.5375 0.2984375 0.0078125 0.00859375
0 0.54609375 0.325 0.0046875 0.00859375
0 0.55390625 0.3203125 0.0078125 0.009375
0 0.50859375 0.36171875 0.00625 0.009375
0 0.51953125 0.3625 0.00546875 0.01171875
0 0.5265625 0.378125 0.00546875 0.009375
0 0.53671875 0.38203125 0.003125 0.00546875
0 0.51796875 0.384375 0.0046875 0.00859375
0 0.503125 0.39453125 0.00703125 0.009375
0 0.503125 0.425 0.00625 0.0125
0 0.5140625 0.46171875 0.00703125 0.01328125
0 0.5421875 0.40078125 0.00703125 0.01015625
0 0.55859375 0.43984375 0.00703125 0.01484375
0 0.553125 0.48203125 0.00703125 0.009375
0 0.53828125 0.48359375 0.00859375 0.0125
0 0.56171875 0.396875 0.00703125 0.0078125
0 0.5578125 0.40625 0.00625 0.00859375
0 0.56484375 0.37421875 0.00703125 0.009375
0 0.57734375 0.3515625 0.00625 0.01171875
0 0.5859375 0.3484375 0.00546875 0.00703125
0 0.5953125 0.3625 0.00703125 0.01015625
0 0.59375 0.37734375 0.0046875 0.00859375
0 0.584375 0.38125 0.00625 0.00859375
0 0.60625 0.38359375 0.00703125 0.01015625
0 0.6109375 0.40703125 0.00625 0.009375
0 0.5734375 0.4453125 0.00703125 0.0109375
0 0.63046875 0.43515625 0.00703125 0.0125
0 0.6203125 0.45703125 0.0078125 0.01015625
0 0.634375 0.49296875 0.00625 0.01015625
0 0.625 0.48515625 0.00703125 0.01015625
0 0.6109375 0.4875 0.00703125 0.009375
0 0.61171875 0.46953125 0.0078125 0.009375
0 0.59453125 0.49296875 0.00859375 0.01015625
0 0.58984375 0.48046875 0.00703125 0.00625
0 0.60546875 0.51328125 0.00703125 0.009375
0 0.6171875 0.50546875 0.00703125 0.009375
0 0.5859375 0.53359375 0.0078125 0.01171875
0 0.65546875 0.51640625 0.00859375 0.0125
0 0.67421875 0.55703125 0.0078125 0.01328125
0 0.64921875 0.59140625 0.01015625 0.01015625
0 0.63046875 0.59296875 0.0078125 0.0078125
0 0.61640625 0.58515625 0.00859375 0.0078125
0 0.6953125 0.53515625 0.00625 0.0125
0 0.703125 0.52109375 0.0046875 0.009375
0 0.7125 0.503125 0.00859375 0.0125
0 0.73203125 0.4921875 0.0078125 0.0109375
0 0.75078125 0.5140625 0.00625 0.01015625
0 0.75 0.52890625 0.00703125 0.0109375
0 0.7578125 0.55 0.00625 0.0109375
0 0.7546875 0.56796875 0.00625 0.00859375
0 0.771875 0.5734375 0.00703125 0.009375
0 0.75859375 0.6140625 0.00703125 0.0125
0 0.73828125 0.60703125 0.00703125 0.0140625
0 0.7109375 0.584375 0.00859375 0.01171875
0 0.775 0.5453125 0.00703125 0.01015625
0 0.77421875 0.5578125 0.00546875 0.00859375
0 0.7828125 0.575 0.0078125 0.0125
0 0.7890625 0.6 0.0078125 0.0140625
0 0.79609375 0.6234375 0.00703125 0.01171875