0 0.41875 0.5859375 0.00625 0.0109375
0 0.42890625 0.5703125 0.00546875 0.0109375
0 0.41953125 0.540625 0.0078125 0.0109375
0 0.39296875 0.5328125 0.0078125 0.01484375
0 0.38515625 0.5359375 0.00703125 0.009375
0 0.3671875 0.5109375 0.00859375 0.01171875
0 0.36796875 0.5515625 0.00625 0.01015625
0 0.34375 0.5390625 0.0078125 0.01171875
0 0.32890625 0.534375 0.0078125 0.0109375
0 0.33203125 0.4765625 0.00625 0.01484375
0 0.35234375 0.48671875 0.0078125 0.01015625
0 0.35703125 0.4640625 0.00625 0.00859375
0 0.371875 0.4875 0.00703125 0.01171875
0 0.38046875 0.46640625 0.00625 0.009375
0 0.3828125 0.44921875 0.00546875 0.01328125
0 0.3984375 0.45234375 0.00703125 0.00859375
0 0.4046875 0.41875 0.0078125 0.0125
0 0.41640625 0.40390625 0.0078125 0.0109375
0 0.50625 0.421875 0.00625 0.01015625
0 0.5046875 0.38984375 0.00546875 0.01015625
0 0.51953125 0.37890625 0.00625 0.01171875
0 0.5453125 0.4015625 0.00703125 0.0125
0 0.559375 0.43828125 0.00625 0.0109375
0 0.55390625 0.4765625 0.00703125 0.01015625
0 0.54296875 0.4828125 0.0078125 0.01328125
0 0.5171875 0.45859375 0.00625 0.0109375
0 0.475 0.3875 0.00625 0.009375
0 0.47578125 0.359375 0.0078125 0.01015625
0 0.48671875 0.36171875 0.00390625 0.00703125
0 0.50859375 0.35390625 0.00625 0.01015625
0 0.51953125 0.359375 0.00703125 0.0109375
0 0.53125 0.36953125 0.00703125 0.01015625
0 0.5390625 0.37890625 0.0046875 0.009375
0 0.45 0.35234375 0.00859375 0.0125
0 0.45234375 0.33046875 0.00703125 0.01015625
0 0.46875 0.30859375 0.00625 0.009375
0 0.49140625 0.290625 0.0078125 0.01015625
0 0.5171875 0.28515625 0.0078125 0.0125
0 0.528125 0.31328125 0.00703125 0.0125
0 0.5265625 0.29296875 0.0078125 0.009375
0 0.55 0.31171875 0.0078125 0.01015625
0 0.5765625 0.34921875 0.00703125 0.0109375
0 0.6 0.36953125 0.01015625 0.015625
0 0.56484375 0.3765625 0.00703125 0.0109375
0 0.56484375 0.40625 0.00625 0.01015625
0 0.54296875 0.43125 0.00546875 0.00703125
0 0.5578125 0.3984375 0.00546875 0.0078125
0 0.55546875 0.415625 0.0046875 0.00703125
0 0.56484375 0.4265625 0.00625 0.00859375
0 0.59609375 0.38515625 0.00625 0.01015625
0 0.6109375 0.41015625 0.00703125 0.0125
0 0.584375 0.38203125 0.00625 0.01015625
0 0.57734375 0.446875 0.00859375 0.01171875
0 0.62421875 0.43203125 0.0078125 0.01171875
0 0.6203125 0.45859375 0.00625 0.00859375
0 0.61015625 0.4703125 0.00546875 0.009375
0 0.6296875 0.475 0.00546875 0.01015625
0 0.6140625 0.48984375 0.00625 0.009375
0 0.5953125 0.4796875 0.00703125 0.01171875
0 0.59453125 0.49453125 0.00625 0.009375
0 0.6078125 0.51328125 0.00703125 0.0109375
0 0.6171875 0.4984375 0.00703125 0.01015625
0 0.58828125 0.5328125 0.00703125 0.0109375
0 0.615625 0.51953125 0.00703125 0.01015625
0 0.63359375 0.4859375 0.00625 0.009375
0 0.6625 0.503125 0.00703125 0.01171875
0 0.67734375 0.54296875 0.0078125 0.0140625
0 0.66796875 0.59609375 0.00625 0.01328125
0 0.63671875 0.59140625 0.00703125 0.0078125
0 0.61796875 0.584375 0.0078125 0.009375
0 0.69453125 0.5375 0.00703125 0.0109375
0 0.70625 0.58359375 0.00703125 0.01328125
0 0.7390625 0.6046875 0.00625 0.00859375
0 0.76328125 0.61015625 0.00703125 0.01171875
0 0.7703125 0.56875 0.0078125 0.01015625
0 0.7609375 0.553125 0.0078125 0.01015625
0 0.7546875 0.51484375 0.0078125 0.01328125
0 0.73359375 0.490625 0.0078125 0.01171875
0 0.71484375 0.50546875 0.009375 0.01171875
0 0.77421875 0.53984375 0.0078125 0.01015625
0 0.7828125 0.57109375 0.00703125 0.01015625
0 0.77734375 0.565625 0.0046875 0.0078125
0 0.7890625 0.59609375 0.0078125 0.0140625
0 0.7984375 0.62421875 0.00546875 0.01015625
0 0.7953125 0.615625 0.00546875 0.009375