0 0.42421875 0.59453125 0.00625 0.0125
0 0.434375 0.58046875 0.00703125 0.009375
0 0.39609375 0.5390625 0.00546875 0.01015625
0 0.38828125 0.53125 0.00546875 0.00859375
0 0.375 0.51015625 0.00859375 0.01171875
0 0.365625 0.546875 0.00703125 0.0125
0 0.34375 0.5328125 0.00703125 0.009375
0 0.3296875 0.53125 0.0078125 0.01171875
0 0.33359375 0.48125 0.00703125 0.01171875
0 0.3546875 0.49296875 0.00703125 0.0109375
0 0.35625 0.465625 0.0078125 0.01171875
0 0.37265625 0.4859375 0.00703125 0.01015625
0 0.38046875 0.45546875 0.00703125 0.01328125
0 0.396875 0.43828125 0.0078125 0.0109375
0 0.4078125 0.42890625 0.0078125 0.0109375
0 0.415625 0.40234375 0.00859375 0.01484375
0 0.42421875 0.4046875 0.00546875 0.01171875
0 0.48125 0.35703125 0.00703125 0.0140625
0 0.51015625 0.3671875 0.00625 0.009375
0 0.5171875 0.3609375 0.00625 0.01171875
0 0.528125 0.371875 0.00625 0.0109375
0 0.5390625 0.37890625 0.00546875 0.00625
0 0.52265625 0.384375 0.00625 0.0109375
0 0.50703125 0.39453125 0.00703125 0.01171875
0 0.50703125 0.425 0.00703125 0.01328125
0 0.515625 0.46015625 0.00703125 0.01015625
0 0.45703125 0.340625 0.01015625 0.0140625
0 0.45703125 0.321875 0.0078125 0.01328125
0 0.4765625 0.3046875 0.00859375 0.01484375
0 0.496875 0.28984375 0.009375 0.0125
0 0.52109375 0.29140625 0.0078125 0.01171875
0 0.53359375 0.3171875 0.0078125 0.0125
0 0.53046875 0.29375 0.009375 0.0140625
0 0.5453125 0.4 0.00703125 0.01015625
0 0.5578125 0.41875 0.00625 0.0109375
0 0.56015625 0.396875 0.00390625 0.00859375
0 0.54609375 0.4296875 0.00546875 0.00859375
0 0.55859375 0.42890625 0.00625 0.00703125
0 0.55859375 0.4421875 0.0078125 0.01171875
0 0.55234375 0.47890625 0.00703125 0.01015625
0 0.53984375 0.48515625 0.00703125 0.0125
0 0.5703125 0.40625 0.00703125 0.0140625
0 0.5703125 0.37734375 0.00859375 0.0109375
0 0.58515625 0.38125 0.009375 0.01171875
0 0.5796875 0.4421875 0.0078125 0.0125
0 0.5953125 0.47734375 0.0078125 0.0109375
0 0.6125 0.48984375 0.00859375 0.0109375
0 0.61171875 0.471875 0.00703125 0.01171875
0 0.6171875 0.46015625 0.00703125 0.01015625
0 0.63046875 0.45703125 0.00625 0.01171875
0 0.61875 0.42421875 0.0078125 0.01328125
0 0.59921875 0.37109375 0.00703125 0.0125
0 0.578125 0.34765625 0.00859375 0.01171875
0 0.56328125 0.34609375 0.00625 0.00859375
0 0.553125 0.31484375 0.009375 0.01328125
0 0.59453125 0.49375 0.0078125 0.0109375
0 0.60703125 0.5140625 0.00703125 0.01015625
0 0.6171875 0.5046875 0.0078125 0.01171875
0 0.5859375 0.53125 0.00703125 0.0109375
0 0.63203125 0.48671875 0.00859375 0.0140625
0 0.6578125 0.50625 0.00859375 0.01328125
0 0.6734375 0.54765625 0.009375 0.01484375
0 0.66328125 0.59765625 0.0078125 0.01015625
0 0.6328125 0.59375 0.00703125 0.009375
0 0.61640625 0.58359375 0.0078125 0.00703125
0 0.70390625 0.56875 0.00703125 0.0125
0 0.69296875 0.53515625 0.0078125 0.0125
0 0.70234375 0.5234375 0.0078125 0.01015625
0 0.7140625 0.5046875 0.00859375 0.0109375
0 0.728125 0.50703125 0.00859375 0.01015625
0 0.72890625 0.49453125 0.00859375 0.0125
0 0.74609375 0.52109375 0.00703125 0.0078125
0 0.75078125 0.51875 0.00703125 0.0125
0 0.73984375 0.51953125 0.0046875 0.00703125
0 0.76015625 0.55234375 0.00703125 0.01171875
0 0.75234375 0.57421875 0.00859375 0.009375
0 0.7578125 0.58359375 0.00859375 0.01015625
0 0.734375 0.58359375 0.009375 0.01171875
0 0.77421875 0.54140625 0.00703125 0.01015625
0 0.77265625 0.55234375 0.00546875 0.00859375
0 0.778125 0.5671875 0.0078125 0.00859375
0 0.78359375 0.57109375 0.00703125 0.01171875
0 0.78984375 0.5984375 0.00703125 0.01328125
0 0.79765625 0.62578125 0.00625 0.01171875
0 0.7953125 0.6171875 0.00625 0.01015625