0 0.42265625 0.58046875 0.00625 0.01015625
0 0.43125 0.5671875 0.00703125 0.01015625
0 0.42109375 0.5375 0.00625 0.0109375
0 0.3984375 0.52734375 0.009375 0.01015625
0 0.3890625 0.540625 0.00703125 0.0109375
0 0.38046875 0.521875 0.00703125 0.01015625
0 0.3734375 0.50234375 0.00703125 0.01171875
0 0.36796875 0.55 0.0078125 0.01171875
0 0.34296875 0.540625 0.00546875 0.01015625
0 0.328125 0.5375 0.00625 0.0078125
0 0.3328125 0.47734375 0.0078125 0.0109375
0 0.353125 0.48671875 0.00703125 0.00859375
0 0.35703125 0.46953125 0.00546875 0.00703125
0 0.37265625 0.4875 0.00625 0.009375
0 0.371875 0.471875 0.0046875 0.0078125
0 0.38125 0.46484375 0.00703125 0.0078125
0 0.3828125 0.4515625 0.00703125 0.0109375
0 0.39921875 0.45 0.00625 0.009375
0 0.40546875 0.41796875 0.00703125 0.01015625
0 0.41953125 0.4015625 0.00859375 0.01640625
0 0.51484375 0.459375 0.0078125 0.0109375
0 0.50546875 0.42421875 0.00703125 0.0109375
0 0.5046875 0.3890625 0.00703125 0.01171875
0 0.5171875 0.375 0.00625 0.01015625
0 0.54453125 0.4 0.00859375 0.0125
0 0.55859375 0.43984375 0.0078125 0.0109375
0 0.553125 0.4765625 0.0078125 0.009375
0 0.540625 0.48203125 0.0078125 0.01015625
0 0.4734375 0.35546875 0.00703125 0.0109375
0 0.47265625 0.38828125 0.00546875 0.0078125
0 0.4859375 0.36484375 0.00390625 0.009375
0 0.51015625 0.35703125 0.00625 0.0078125
0 0.51953125 0.36015625 0.00625 0.01015625
0 0.5296875 0.37109375 0.00625 0.01171875
0 0.5390625 0.38125 0.00625 0.00703125
0 0.4515625 0.3515625 0.00703125 0.0109375
0 0.453125 0.33046875 0.00625 0.01015625
0 0.46796875 0.30859375 0.00703125 0.0125
0 0.48984375 0.28984375 0.00859375 0.0109375
0 0.51796875 0.2859375 0.0078125 0.01328125
0 0.5265625 0.31171875 0.0078125 0.0109375
0 0.52578125 0.29609375 0.0078125 0.0109375
0 0.54921875 0.31328125 0.0078125 0.01015625
0 0.54140625 0.42578125 0.00546875 0.0078125
0 0.5546875 0.415625 0.00703125 0.009375
0 0.5578125 0.4 0.00625 0.00703125
0 0.5625 0.42734375 0.0078125 0.01015625
0 0.56328125 0.40859375 0.00625 0.01015625
0 0.56484375 0.37734375 0.00703125 0.0109375
0 0.584375 0.378125 0.00546875 0.00859375
0 0.5953125 0.38046875 0.00625 0.0078125
0 0.5984375 0.37109375 0.00703125 0.0125
0 0.575 0.34921875 0.00859375 0.0140625
0 0.609375 0.4109375 0.0078125 0.009375
0 0.62421875 0.43125 0.0078125 0.01171875
0 0.5953125 0.440625 0.00625 0.01171875
0 0.5765625 0.4484375 0.0078125 0.01171875
0 0.590625 0.47890625 0.00546875 0.009375
0 0.59453125 0.4953125 0.00703125 0.01015625
0 0.6078125 0.51328125 0.00703125 0.01015625
0 0.61796875 0.50859375 0.00703125 0.0125
0 0.6140625 0.49140625 0.00703125 0.0125
0 0.6125 0.47109375 0.00625 0.01171875
0 0.6203125 0.459375 0.00703125 0.01015625
0 0.63125 0.47265625 0.00703125 0.01015625
0 0.58359375 0.53046875 0.00625 0.0109375
0 0.6328125 0.48359375 0.0046875 0.009375
0 0.61328125 0.51796875 0.00703125 0.0109375
0 0.66171875 0.50625 0.00859375 0.0140625
0 0.6765625 0.54609375 0.0078125 0.0125
0 0.66640625 0.6 0.00703125 0.0125
0 0.634375 0.59140625 0.009375 0.00859375
0 0.61796875 0.58515625 0.009375 0.00703125
0 0.69453125 0.53984375 0.00703125 0.0109375
0 0.703125 0.521875 0.0078125 0.01171875
0 0.7125 0.5 0.0078125 0.0109375
0 0.73046875 0.5046875 0.0046875 0.00859375
0 0.73203125 0.490625 0.00625 0.009375
0 0.753125 0.51484375 0.0078125 0.01015625
0 0.75859375 0.55390625 0.00625 0.0109375
0 0.76875 0.5671875 0.00703125 0.0109375
0 0.7609375 0.60625 0.0078125 0.01015625
0 0.740625 0.60234375 0.00859375 0.0140625
0 0.7078125 0.58359375 0.00703125 0.0125
0 0.7734375 0.5359375 0.00703125 0.0109375
0 0.77265625 0.54921875 0.0078125 0.0109375
0 0.77578125 0.56171875 0.00625 0.00703125
0 0.78125 0.5671875 0.00703125 0.0109375
0 0.78671875 0.59140625 0.00390625 0.00859375
0 0.78984375 0.59296875 0.00546875 0.0125
0 0.7984375 0.61796875 0.00546875 0.01171875
0 0.79453125 0.6125 0.0046875 0.00859375