0 0.425 0.59375 0.00703125 0.01171875
0 0.43515625 0.5859375 0.00703125 0.0125
0 0.4015625 0.553125 0.00546875 0.01015625
0 0.4046875 0.5515625 0.00546875 0.009375
0 0.378125 0.5078125 0.01015625 0.01953125
0 0.365625 0.5453125 0.00859375 0.01328125
0 0.34296875 0.53125 0.00703125 0.01015625
0 0.33046875 0.53203125 0.00703125 0.009375
0 0.334375 0.48046875 0.00703125 0.01171875
0 0.35703125 0.46484375 0.0078125 0.01171875
0 0.36953125 0.48828125 0.00859375 0.0125
0 0.378125 0.4578125 0.009375 0.0140625
0 0.35390625 0.48828125 0.00859375 0.01171875
0 0.39296875 0.4375 0.0078125 0.01328125
0 0.40390625 0.42734375 0.00703125 0.01171875
0 0.4125 0.39765625 0.00859375 0.01171875
0 0.51640625 0.46015625 0.00859375 0.01328125
0 0.50546875 0.42421875 0.0078125 0.01171875
0 0.50546875 0.38828125 0.00703125 0.0109375
0 0.51953125 0.3796875 0.0078125 0.01015625
0 0.5453125 0.39921875 0.00703125 0.01171875
0 0.559375 0.43828125 0.0078125 0.01328125
0 0.55546875 0.478125 0.0078125 0.0109375
0 0.540625 0.4828125 0.0078125 0.01171875
0 0.5078125 0.36484375 0.00625 0.0109375
0 0.51796875 0.3625 0.00703125 0.01171875
0 0.52890625 0.3734375 0.00703125 0.0109375
0 0.48046875 0.35078125 0.009375 0.0125
0 0.45625 0.3375 0.0078125 0.0125
0 0.45625 0.3171875 0.00703125 0.0125
0 0.47578125 0.3015625 0.01015625 0.0125
0 0.496875 0.2859375 0.00859375 0.01328125
0 0.5234375 0.290625 0.00859375 0.0140625
0 0.5296875 0.31875 0.00703125 0.0109375
0 0.52890625 0.29140625 0.0078125 0.01328125
0 0.55234375 0.3109375 0.00703125 0.01171875
0 0.578125 0.34765625 0.0078125 0.01171875
0 0.59765625 0.3671875 0.0078125 0.0140625
0 0.565625 0.3453125 0.00859375 0.01015625
0 0.56015625 0.3953125 0.00703125 0.0109375
0 0.559375 0.38125 0.0078125 0.01015625
0 0.55625 0.4203125 0.00859375 0.0125
0 0.56953125 0.4046875 0.00703125 0.0109375
0 0.57109375 0.37421875 0.00703125 0.0109375
0 0.5875 0.38046875 0.00859375 0.01171875
0 0.58046875 0.44140625 0.0078125 0.0140625
0 0.60859375 0.4140625 0.00703125 0.01015625
0 0.621875 0.42734375 0.00625 0.01171875
0 0.63125 0.46484375 0.0078125 0.01328125
0 0.6171875 0.459375 0.00625 0.0109375
0 0.61015625 0.46796875 0.00625 0.009375
0 0.61484375 0.4890625 0.00703125 0.0109375
0 0.59765625 0.478125 0.00625 0.01171875
0 0.59375 0.48984375 0.00625 0.01328125
0 0.6078125 0.51328125 0.00625 0.009375
0 0.6171875 0.50234375 0.00703125 0.01015625
0 0.6296875 0.48125 0.009375 0.0109375
0 0.65859375 0.50234375 0.00859375 0.0140625
0 0.67421875 0.540625 0.00859375 0.01328125
0 0.66640625 0.59296875 0.0078125 0.01328125
0 0.634375 0.5921875 0.00859375 0.01015625
0 0.61640625 0.5828125 0.0078125 0.0109375
0 0.68984375 0.53203125 0.0078125 0.01171875
0 0.70234375 0.571875 0.00703125 0.01015625
0 0.70078125 0.5203125 0.0078125 0.0109375
0 0.709375 0.50546875 0.0078125 0.0125
0 0.728125 0.5046875 0.00703125 0.0109375
0 0.73125 0.49140625 0.00703125 0.01015625
0 0.74375 0.5203125 0.00625 0.01015625
0 0.75234375 0.515625 0.00625 0.009375
0 0.7328125 0.58828125 0.0078125 0.01328125
0 0.7578125 0.5875 0.00703125 0.01015625
0 0.7546875 0.571875 0.00625 0.009375
0 0.7625 0.553125 0.0078125 0.0125
0 0.77578125 0.53984375 0.00703125 0.009375
0 0.771875 0.5484375 0.00546875 0.0125
0 0.78359375 0.57109375 0.00625 0.01015625
0 0.7796875 0.5671875 0.00546875 0.00859375
0 0.7921875 0.596875 0.0078125 0.01328125
0 0.8 0.625 0.00703125 0.0140625
0 0.79765625 0.61953125 0.00546875 0.01171875